1110010011110101
1100000000101101
1100110010101111
1101101100010000
1110011110111010
1011011000111101
1101111110000010
1101010101000010
1101110110110010
1101001011010001
1100100111101110
1110011011000001
1101101100100100
1111000011101011
1101110011001010
1111001000000000
1101000000010000
1101110001010001
1100101011111110
1011100110010001
1111001000000100
1100100111111000
1110000100011000
1101111010101100
1111010011110010
1111001011000000
1011100100011110
1110101001111111
0010100101010000
1101111100001010
1011111001110001
1100111111111111
