0000011011110111
0000100110000000
0000101001010101
0000101110001011
0000001011110111
1111100100011011
0000011000100100
0000011010111011
1111101111110001
0000011100001010
0000001010111101
0000000011110010
0001101100101101
0000010001100001
0000110011011001
1111101010111010
0000100010111111
0000111100011000
0000010001000110
0000100101010001
0000110011000100
1111110100001101
0000010001011101
0000000001011100
0000011110100100
0000001111100111
0000001110100110
0000001000011110
0000101000100000
1111110100111101
0000110010110011
0000010010100100
0001000100001100
0000001100110101
1111101001001011
0000001001010101
0000110101010100
1111101111000010
0000001011010100
0000000010100110
1111111010010000
0000001110001000
0000111010011000
0000100110011100
1111010011010111
0000010111011010
0000111110100001
0000011100100011
0001000100010101
0000110100001000
0000011011101100
1111101111110111
0000100111010101
0000111101110111
0000011001010000
0000111100000111
0010010100000000
0000001011110000
1111100111010111
1111100110110001
0000000110100010
1111111110101000
0000001010010010
0000100000111111
0000111110101000
0001000010110101
0000001100001000
0000010011001100
0001000011101100
0000100001001010
0000011101100001
0000101001110000
0000100110110011
0000111111010101
0000010111101011
0000000101110000
0001010111001100
0001001101110000
0000100110110010
0000011011001110
1111111111000110
1111010000011110
1111000010010010
0000010011010011
0000100011011001
0000000011011001
0000100000010000
0000011001001101
0000100011001110
1111000001111110
0000001011100010
1111111111111111
1111110101011011
0000101110100111
0000110011001101
0000010111011010
1111110011110001
0000000010011110
0000001000111001
1111110100100011
0001010000001011
1111100110100100
0000010000001011
0000011111111101
0000001110011111
0000001001001101
0000011011101111
0000010011010111
0000110110100100
0000010101000001
0000010100001101
0000010011100111
0000011100010001
0000101000110101
0000010111111011
1111110110100110
0000010111100000
0000101011000001
0000001111011110
0000010111000110
0000000110000110
0000011111001011
0000100100100100
0000000100010101
1111110001101010
0000111111000000
0000001011010111
0000011101010001
0000001001001001
0001000011011100
0001001011001110
0000100010000011
0000001110001001
0000101110110001
0000000101010101
0000111001010010
1111111011111011
1111101000101000
0000011011101110
0000010111001010
0000010110011101
0000100010000111
0000011010010011
0000000110011101
0000011011110000
1111111110001100
1111111110011111
0000001011001100
1111111011001010
0000010101110110
0000001000110001
0001000000100000
0001000110100001
0000000100111001
1111101011010111
1111111010101010
1111110110100110
0000101000100000
0000100110011110
1111100010011011
0001010011010110
0000001000011011
1111101001100011
0000110111110010
1111101000011101
0000101001110010
1111011000110011
0000011110101000
0000001010011110
1111101100000011
1111111111011101
1111100011010011
0000011000011011
0000000110111110
0000000011101010
0000001001100100
0000100000111001
0000001100000010
0000100010101110
1111010010100001
1111111100010111
0000010000010010
0001000100110101
0000111001111111
1111111011101110
0000010011101100
0000011000101011
0001000011000011
1111110111010110
0000010111001000
0000100011100101
0000100100000101
0000100001000100
1111111101011101
1111111101110110
0001001010011011
0000001001110001
0000101000111001
0000001010111011
1111111000011101
0000110100011001
0000001110100111
0000110011000010
0000010001010111
0000000000110111
0001010110111001
1111111110100001
0000000100110001
0001000010101011
0000010111011110
0000011111100110
1111101101110001
1111101010010111
0000100100001011
0001001010101001
0000010100110110
1111110110011110
0000001000010011
1111101111000000
0000110001101001
0000011101001110
1111110100101011
1111011100000000
1111011011000101
1111101000010111
1111010111001100
0000101011110101
1111110111001001
1111101101011001
0001001011101101
0000011000011101
0000010100011000
1111110100110011
0000010011001001
0000110011101011
0000111000011001
0000101001000110
0000010100000011
1111011000011100
0000010110000000
0000101111001110
0000010101001011
1111100100000101
0001000001110110
0001010010001100
1111011001101110
0000110100101011
0000011011101110
0000000111100101
0000011011111010
0000000000001110
0000101101100010
0000100101000100
0000010000001011
0000001011011011
0001001000100010
0000010110111010
1111111010011010
0000000000100100
0000001101000000
1111101011011100
0000111100000111
0001000110110110
0000001110110111
0000001010011011
0000001011011001
1111011110011000
1111011110101100
1111111011100111
0000100101010011
0000101010000100
0001001011111111
0001001011110010
0000100011000110
0000111110101100
0000010001111110
1111110010110001
0000100100100110
0000000000010010
1111111110001011
0000111100100000
0000011101101100
0001001100011011
0000100011011111
0000001100111010
0000011110110011
1111010010000111
0000001001000011
0000001001011101
0000000111111110
0000011000010001
0000001000111111
0000101011101011
0001001110001001
0000001001100011
0000101110011110
0000001111100111
0000100000000100
0000011000101100
0000101001001111
0001000111011011
0000011011111101
0001010101000011
1111110101010100
1111111011000000
0000100001001011
0000011001111110
0001001010011011
0001010010001100
0000110101110100
1111110000111011
0001100100101011
0000101000010000
1111110101111101
0001011101111101
0000101101000011
1111110001110100
0000111001111011
0000011110010101
0000101000001001
0000110001101010
1111110101000100
0000110000000111
1111111110011100
1111111100100000
0000111011011100
0001000110111111
1110111110100000
0000011111100110
0000101000010100
0000000111001010
1111111001111010
0000010001001101
0000011111001101
1111110110100010
0000110000010000
0000011001000110
0000011100011000
1111101010101001
0000110101100001
0000111111000010
0000010000001010
1111111001001110
0000011101010010
0000110001100110
0000011000011000
0000100000101010
0000011010011001
0001000001010110
0000001010010001
0000010001101000
0000011100001011
1111111001111011
1111110011101011
0000001101010001
0001000000111001
0000011011101000
1111110110110100
1111110110001111
1111110010110101
1111111100101011
0000011001000010
1111111001000110
0000010100100011
1111100110010010
0000101011011111
0001000100011101
1111010101011100
0000000011111111
0000100111011010
1111101101000000
0000010011000110
0000010110100011
0000011001100000
0000011011100000
0000101001001100
0000111101101101
0000010100001011
0000010110111101
1111101110111011
0000101111011000
0000101111101101
0000000100111101
0000110011011110
1111111010001101
0000010000000111
0000101000110110
1111001100110001
1111101111110001
1111000111110111
1111111011100011
0000100010100000
0001001101001110
0000101001110001
1111110101111010
0000010100101111
0000001100110010
0001011011011100
0000110100001010
1111110110111101
0000101111010111
0000101100110010
0000011001110011
0000101100100100
0000010000101101
0000111101000111
0001000001001110
0000101100101101
0000000000010000
1111111000110010
1111111010100011
0000110011101100
0000011100011010
0000110100001011
0000110110110101
0000101111100110
0000011100000101
0001100100110001
0000000011011011
0000000100010110
0000110011111000
1111101110111000
0000000100001100
0001001000001011
0001100001001110
0000111010111001
0000111101101010
0001001001000110
0000011001000100
0000111000111101
1111111111101010
0000011010001111
0001011000001011
0000000101111101
0000001000011110
1111111010101101
0000100010011000
0000010011011110
1111111011000100
0000011100000001
0000001110100001
0000010111100101
0000001111011100
0000100010010110
1111111011011100
0000111000110100
1111111100010010
0000101001110111
0000011110100010
0000010111000011
0000011010000100
0000010000000110
0000011110111101
1111100000001010
0000000111101001
1111111101001001
0000110010000000
0000011111001101
0000001110101100
0000111110111000
0000001101011100
0000001001011101
0000100001100111
0000000010011010
1111110001100010
0000000000000111
1111111101110100
1111111111011011
1111111000001100
0000010110010100
0001111100100100
0000110101101001
1111100001011100
0000110011110101
0001000001101110
0000001111101111
0000011101100101
1111011110011100
1111110010010011
0000101011101110
0000001100101100
0000010000100101
0001001110001101
0000000000111100
0000000010111111
0000011000001000
0001000001011100
0000000110110001
0001001011010011
1111111010100100
1111100010001000
1111100100011100
0000000011110100
0001001100101100
0000100110011011
0000000000101000
0000010110000111
0000010100010010
1111110001111100
0001010101101001
0000010011010011
0000010110100111
0001000100101100
1111010110100000
0000100011010001
1111100101110101
0000001111111000
0000000100000000
0000001011010010
1111101101010110
1111101000000010
1111101010000110
