1111100100001000
0001111110010010
0000010001011111
1111100001110111
0000000111100001
0000010000101111
0000001000101001
1111110111011100
0000010101011110
1111101000011101
0000001001110100
0000000100001111
0000010010110001
1111111111110111
1111011111001101
1111111111111001
1111110110111111
1111111101001101
1111110000001010
0000011011111001
0000000010001101
0000010010011110
1110111011110100
1111111001001001
0000111010101111
1111001001000001
1111110010001000
1111001001110110
0000000011101011
1111101001101010
0000101101000011
0000010000001000
0000101110100111
0000110010111101
0000000110000000
1111101010101101
1111101001110111
0000110000111101
0000110101010010
1111011011100111
1111001110001000
1111110011111010
0000010010111100
0000011100110010
0000010001011001
0000000110010011
1111010111001100
0000010010001001
0000001010101010
1111010110011010
1111011010000110
1111111110000001
0000011110101110
0000011100010001
0000011010100111
0000000101011110
1111011111001101
1111110111010001
1111111110110100
0000000010001110
1111010110101000
0000001000110110
1111100001101100
0000100100010100
1111110001101101
1111001110001000
1111111100010100
0000101011111101
1111110110010100
0000100110101100
1111100000100100
1111110001101011
0000101101101000
1111110101000010
0000000011001100
0000010000111110
0001000010101100
0000100000001111
0000000010101001
0000010111110101
1111111000000111
1111001010001001
0000000001000000
0000110101011100
0000011001110110
1111111010100100
1111101000011100
1111111111011010
1110111000111010
1111011011010010
1111110001010010
1111110010000011
0000001000100011
0000011010011101
1111110101100000
0000000100010000
1111111110001010
0000001000010010
1111010001010001
0000000001000011
0001000011000001
0000100011010100
1111000111100000
0000000010000101
1111110001000101
0000001000010010
1111101100100110
1111100001110000
1111111101100001
0000010001001100
0000010100101011
0000011101101100
1111001111000101
1111101001010000
1111111111011010
0000010100100110
0000010101110010
1111011101111101
0000000110111001
0000001011010010
0000001100100111
1111111100110101
1111111000100000
0000001101000000
0010010001111110
0000111110011100
0000110100000110
0000011001011010
0000000001111011
1111011100110011
0000011101011100
0000011011010101
1111101101001100
0000100011001001
0000001011000011
0000010100101101
0000100000101101
1111011011101010
0000010010101100
1111111111111101
0000001101011001
0000001000000111
1111111101001000
0000110010001001
0000000110100011
0000000001110100
0000011110101110
1111101000100001
0000010111110011
0000001101111111
0000110101100001
1111100001101000
0000010010101100
0000011010101011
0000011101011110
1111010111100001
1111101101111100
1111110101011010
0001001111100000
1111100000100001
0000100000111011
1111111010011110
1111101001010000
1111100010100011
1111101101000100
1111111001000010
1111010000100110
0000010001110100
0000001100011001
0000000101111111
1111111110100111
1111111111011111
0000000000110111
1111100110010111
0000000101100000
0000010111001010
1111110011010101
1111100011100000
0000100010000100
0000111100101000
0000110001011010
1111101010101111
0000010101010000
0000000010100010
0000100010001111
0000010111101011
0000001111001001
0000011101011111
1111110010100001
0000010101110000
0000101110101110
0000100001100101
0000001111011110
0000011110011010
1111111000000111
0001001000110100
0000101011111010
0000001000000011
0000000100001010
0010010000011011
0000101000000010
1111100010111101
0000010010010011
0000101001010100
0000011001000000
1111010100011101
0000101011010001
0000010010100101
0000001010000001
1111111101100010
1111011000101100
1111001100101000
0000111110110000
0000000001100011
0000000001100001
1111011101110011
1111111101100010
0000011000000100
0000110000111110
0000101111001111
1110101101000011
1111100011101101
1111100100001110
0000000101101011
1111110100101110
0000101010010101
0000000010101101
1111111000100010
0000010100001000
0000011010100001
0000010111111110
1111111101010001
0000010000010010
0000010110110010
0001011001000110
0000001010010111
0000001010000010
0000110010111011
0000000000110010
0000100011100101
1111100101000001
1111101100100000
0001001111000011
0000111001101001
1111110101001001
1111000110001011
1111101111110010
1111111111000011
0000100001001001
0000101001110000
0000001101010001
0000101101101101
1111111001110010
1111010010010000
1111101100100011
1111110110010001
1111101110001000
0000111100011011
0001010110111000
1111110111111100
0000100110100101
0000111110110100
0000111100101001
0000000110000011
1111101000111110
0000011100001011
1111011110011110
1111111111110010
0001000110010111
1111011101010111
0000110011101101
0000010000000111
0000010010011010
0000011110101100
1111110010001110
0000001100010011
1111100101111101
0000101011001011
1111101011010000
0000000001101001
0000101100110011
0000010110100011
0000011000000101
1111111110011100
0000010000000110
1111111100110100
0000000001111100
0000000100110100
0000000010010111
0000001001001100
0000101100101010
1111101010111110
0000011000110110
1111101001000000
0000110010101001
1111110111010010
1111110110000110
0000100000000100
0000011000000111
0000011100101001
1111011001011100
0000110000100010
0000011001100001
0000001111001101
0000000011110111
0000001111111111
1111011001011111
1111100100001110
1111111000101101
1111010001101111
0001001100100111
0000000110001010
0000110001101111
1111101011111100
0000010101100001
0000010110111011
0000001111000000
0000001001111001
1111001010010110
0000001110010011
0001000001101100
1111101101010110
0000000001001001
0000000000011011
1111101010011010
0001001110010110
0000100100001010
1111110010101101
1111111001100100
0000001010011000
0000001010000000
0000000010100010
1111100000011010
0000110110001111
1111101111000101
0000010001110111
0000100000001111
0000000000010100
0000001101001001
0000011110110001
0000101000001101
0000010110101011
0000100011011011
0000000000000100
0000010011110110
1111100111010001
0000010001011011
0000001000111000
0000011100000010
0000011001011000
0000000101001010
0000000010011000
1111100001000101
1111000001100000
0000010100100010
0000000000000101
1111110100011011
1111110111011100
0000001111000001
1111101000111111
0000001000101010
1111101010000100
1111100000001110
0000000100010100
1111011010111010
0000000000101011
1111110011101111
1111011001111010
0000110110111001
0000000100010101
1111001000011111
0000010101101011
0000001110001111
1111110100011001
1111101110000000
0000011010110100
1111100001000001
1111100000000000
0000001011100111
0000010110101100
0001001101101101
0000010000010000
0000101011011001
0000010001001000
1111000110011001
0000101001001001
1111101001110110
0000010101110111
1111010110010010
0000010000110010
0000100010010000
0000010000001110
1111110111100111
0000010001000110
1111110010110001
0000001011101011
1111111001011001
1111111000010111
0000100100000110
0000011001101010
1111101001000000
1111111001101010
1111011101001011
0000010000110111
1111111110000001
0000010110000000
1111110100001111
1111011100001000
0000001111110110
1111111011011110
0000001101111110
1111011100000110
1111100100110100
1111111100100000
1111010011100111
1111101001001001
0000101111100011
0000001110101100
0000111010101010
0000010011000001
0000010010111111
1111100011001100
1111110111101000
0000010101110100
0001001100001001
0000101101111110
0000110010100110
0000010100010101
0000011111111100
1111101100000001
0000000010010011
1111110101101000
1111101110011011
1111011111010011
1111110011001101
1111111101001111
1111111000111011
0000001101001010
1110110000010100
1111111100101000
0000010110011110
0000000100100100
0000101100100001
1111111001010110
0000000110101110
0000010111100100
0000100000010000
0000011111010000
0000101111100100
0000000001110110
0000001110111001
0000111010010000
1111111101011001
0000000011011000
0001100000011101
0000000000000111
0001000011000111
0000001111010011
1111011000010111
0000001101100010
0000001111101110
0000011001111001
0000110011011011
0000001111011011
1111101101101110
1111011101101011
0000001000001001
1111011110110101
0000000000110111
1111000011011110
1111111100100111
0000010001111101
1111101011100111
0000010011011110
0000001010101010
1110110001100101
1111111000001101
0000000110010100
1111111100111111
1111011010011000
0000010001010101
0000000100100111
1111110110010010
1111010001001000
0000100000110101
0001100000010111
0000001100001100
0000000011110011
0000010111011011
0000011001011000
1111000111110000
1111011100001010
0000010111100001
0000011111011101
0001001001010000
0000001000111111
1111111010110110
0000000101010010
1111111111001001
0000011010100011
0000101001010011
0000010000010111
1111101100100010
1111010000110000
1111100011010111
0000000000111111
1111100101111111
0000001010010011
1111101111011100
1111110101110011
1111111111101010
0000010100111101
