0000111100010111
0000101001000111
0001001000011110
0000011001011111
0000001000010011
1111001100010111
0000000001110110
0000011110100111
1111110100010010
0000001000000000
0000011001101010
0000001010111000
0001001001001000
0000000111100101
0001000101110100
1111101111111011
0000111001101001
0000110100100111
1111111110110111
0000101100100111
0000011000010001
0000011001001000
1111110100100010
0000100000000001
0000100011100000
0000110010010010
0000100011000001
1111111101100011
0000011100001011
1111110011110011
0001101101000001
1111111110110001
0000001011100011
0000011101010010
0000000000011001
0000110010011110
0001011100111101
1111110101101011
0000111110010011
1111110001000010
0000011000001111
0000101111100111
0001001100010001
1111111100100101
1111110000110000
0000000111000110
0000101000001100
1111111001110001
0000111110110111
0000010111100001
0000100111101001
0000000001000101
0000011010001010
0001000110011100
0000001111101000
0000101011110110
0001010101101101
0000001001101110
0000101110111010
1111111000011000
0000001100100000
1111111110101110
0000000011001001
0001010101110000
0000011101011100
0001010111101110
0000011101011011
0000101001111100
0000101110011100
0000011111111111
0000011101011100
0000110011010110
0000110110001101
0000011110000011
0000000000000100
0000010111001100
0001000001000110
0001101000110010
0001000101100101
0000100001100001
0000010011001000
1111011100111110
1111000001111011
0000001010110100
0001011000100010
0000100000100101
1111110111101011
1111111111000100
0000010010010111
1111100010101111
0000001001001011
1111110110010101
0000000100111000
0000101111111111
0000010010110101
1111100110001111
1111101110110100
0000011000011101
0000011011001111
1111110101010100
0001101001010111
0001000110100100
0000010000000111
0000010001100011
0000000111101101
0000001110011000
0000111010100111
1111111001111001
0000001101011110
1111101110100001
0001001100101001
0000100010111010
0000000010111010
0001000000000000
0000010010111100
0000000000000001
0000101100000100
0000100110010000
0000100101001100
0000100011110111
0000100101100011
1111101110010110
0000110101000100
0000111000001110
0001001001111001
0000110101010100
0000011100001011
1111101100010111
1111110101110111
0001001000110011
0000011000011001
0000101010111110
0000101010011111
0001000111010010
0000000101011010
0000010001100100
0000010110001101
0000010001001000
0000001101101100
0000011001101100
0000001001110000
0000111001100001
0000100101000110
0000101101101101
1111110101011100
0000110010111111
0000011011011010
0000101100010101
0000110011001110
0000010011111001
1111111110110010
0000010010011010
0001001101000101
1111101000101011
0000001010100111
0000000110101001
1111111001110011
0000000100011100
0000110000001011
1111110001111010
0001010100100000
0000001111101110
1111110000111000
0001001111000010
0000010100011011
0000110001110011
0000000010100111
0000110000001001
0000001101000100
0000010011010001
0000010011001011
0000001011011011
1111110110100111
1111111001101101
1111101100010111
0000100010001011
1111100011100101
0000000000010110
0000011101000110
1111110110010001
0000000010100010
0000110110000000
0001000011011010
0000001110101111
0001000110000011
0000010111110000
0000000001001111
0001000110101100
1111111110101100
0000101100010111
0001001001100101
0000000111101011
0000111111100111
0001100001000100
0000011010000111
0001010110010011
0000010101100100
0000001101101100
0000000100011101
0000010001000010
0001000000000100
0000000111111000
1111111010010111
0000010010101010
1111111001101000
0001100100010100
0000110011000100
0000100100000111
0000101110010111
1111111000001101
0000011000101011
1111100100101100
0000011100000100
1111110010100011
0000011011010011
0000010111000001
0000111001100111
0000101110011010
0000010100111111
0001001000010101
0000001111000010
1111111110001001
1111101111110100
0000001110100100
0000010011011110
0000010110110110
1111110110000000
0000010100011001
1111110010000010
0000111110111000
0000011110111001
0000011010111001
1111111011100110
0000111100010001
0001011110100110
0000111100001100
0000001111010101
0000101001001101
0000011010110111
0000001001101111
0001010101100100
0000011000101000
0000011111011101
0000110011000001
0010100110011100
1110111000011000
0001011000001110
1111100110111000
0000011100010111
0000110110101010
0000101101111111
1111111011000011
1111111111011101
0000000000001110
0000100001100110
0000110000101011
1111111111000011
0000001011011110
0000011010111011
0000011100011010
1111101101111101
0000100101001111
0000100001110000
0000110111000010
0000001100100000
0000000000000000
1111100001111001
0000001000001100
0000010100000110
0000101101000010
0001000001010111
0001011100110010
0001000110000000
0000001110001010
0001011001100011
1111111110010110
0000000110010101
0001000011010100
0000000111001111
0000000000111110
1111101000111001
0000000001011000
0000100100010001
0001000001110101
1111110001001011
0000011101101000
1111010000010101
1111101100000110
0000011111000011
1111100100111010
0000110111101100
1111111000111000
0000010010010110
0001001010101011
0000111100100010
0001010101100100
1111111111000000
0001000001001110
0000011001100011
0001001101110110
0000111101011000
0000101000000000
0010001110000001
1111001110110011
1111110011110101
0000000000111010
0000000011000001
0000010010100010
0000100011101101
0000010100101111
0000000010101011
0000110101101001
0000111111110110
0000100000000110
0000110110011010
0000001001111010
0000010111111011
0001001010001110
1111110111100010
0000111110111110
0001000100111101
1111101101110101
0000010110100101
0000110000110100
1111101100110111
0000110100101000
0000101101001001
1111011000100110
0000010100101011
0000011000101110
0000110100001100
1111100011101011
1111010110001010
0000101100101111
1111111101100100
0001010100111101
0000101001011100
0000011111100010
0000010001101101
0000101001000011
0001000100100110
0001011001001001
0000000001001110
1111100011010101
0000110011110011
0000011111011101
0000010100100000
1111101000110011
0001101100011101
1111110001100010
0000010110010010
0000101011011110
1111110001111111
1111000100001011
1111101111110011
0001000001111010
0000011000111010
0000011100110110
0000011001111111
1111110011000000
1111111110100111
0000100110110000
1111111001101000
0000100101100001
1111001100011110
0000011011011000
0000000011100011
0000000000110100
0000110111111010
0000100010110101
1111111110101101
0001000101100110
0000010010101100
1111101000110110
0000010010101001
0001000101000110
0000100000000001
0000000011010010
0000101011110110
1111101010111000
0000100101011010
0000000000001011
1111111010110001
0000101000111111
0000001011000101
0000000000100001
0001010011110111
0000000110111000
0000000001101101
1111011010011000
1111101010000011
0000100111101001
0001000111101011
0000010101110001
1111111000110010
0000111000101001
0000111111101000
0001010101110010
0001001101001101
0000001111101000
0000110001100011
1111110111011011
0000010100100110
0000000100101101
0000100100010111
0000011111110011
0000011001110111
0001100000000101
0000000110010111
0000110000101011
0000111001100110
0000100110000000
1111111111011010
0000011110100010
0000000001000111
0000000011100101
0000000010001010
0001010010000100
0000001010111101
0000100010101000
0000000111100001
1111101001000001
0000111001001110
0001010010000010
0001110100010010
0000110101111101
0000110000001011
0001100011101000
0000010001011111
0000111001100001
1111101011001000
0000001000111111
0000110011000000
0000100000011010
1111101000001001
1111110010101111
0000111011110000
0000010101001011
1111111100101011
1111101111110100
0000011111111100
1111111011011011
0000001010011110
0000100111011100
0000000100001000
0000100000000111
0000001000100100
0000111001010000
0000101100101000
0000100001001001
0000010111011001
0000010110100101
0000000101110010
1111111010000011
0001010110001000
1111100010001010
0000010001100010
0001001110101001
1111111010001011
0001000000000001
1111110011100010
0001010111101010
0000100011101010
0000010101110000
0000010100001000
1111111001100001
0000100100101000
0000010001101110
1111111011001110
0000111001010100
0000110111000110
0000001011000110
0000100110101000
0001011001001000
0000100101110011
0001000010010010
1111111110010101
1111100101001101
0000001000000010
1111111011001000
0000011011001001
0000100100010010
0000101100111110
1111110000100110
0000000001100010
0001000001000010
0001000000101110
1111110000011001
0000011011000111
0000100011001000
1111110111001110
1111100110110001
1111111111110011
0001011100101100
1111101011000110
0000100000100001
0000010111100100
1111111001010010
0000010111110111
0000100100111100
0000100110110101
0000100011110000
0001010100110000
1111001001011101
0000101001110111
1111110001100000
0000000010001000
0000000011000100
0000110100011101
1111111101100100
0000110100010010
1111011110000110
