0000010101110100
0000000110111011
0000010010011001
0000001011010010
0000010100001101
1111101101110010
1111001000101001
1111101100000001
0000000001100100
0000001110100001
0000011100110001
1111011011111101
0001001001110011
0000101111001001
1111101111010001
1111010111111000
1111111101011100
0000101001010100
1111111010010011
0000011100011001
1111011111011011
0000110001111011
1111001110100010
0000110011111001
0001001100100001
0000100101100100
1110100010110010
0000010101111011
0000100001010110
1111111110010011
0000001101111111
1111011010100100
1111010011010001
1111110001000000
0000110110110111
0000011110001111
0000000001011101
1111111110111101
0000111001000110
0000000010111001
1111100111100000
1110111111100010
1110111101111111
0000010010001111
1111111011000011
1111000101101000
0000000001110111
1111001111100111
0000101000000101
1111110011000000
0000110011011101
1111100010101010
1111010101100000
1111101111110111
1111110010001000
0000000001110111
0000101000000011
0000011100111000
0000101011000101
1111011001001101
0000110011011001
0000101001110010
0000000111010000
1111110001010011
1111101110001110
0000011011101010
1111110100000101
0000010010111000
1110111001011010
1111100110110001
1111110100110000
1111100001101100
0000000111110111
1111110100010111
0000101010110101
1111100110100010
1111100110001100
1111110010001101
1110111100100110
1111111011010001
0000111011110100
1111011100010111
0000000010000001
0000001110010011
0000000000110110
0000001000011110
1111111100011000
0000011011110101
1110110011010010
0000011011000100
1111111001010001
1111011111111000
0000111001000011
1111110010010100
1111110100010001
1111111010111011
1111011001011110
0000010111101110
0000101001001100
1111111110010100
0000101111001101
1110010110110101
0000001010001010
0001001011101011
1111101110011110
1111010100101011
0000001101011000
1111011011001101
1110110010010000
0000001100101101
0000011101101001
0000101111001100
0000000000110001
0001000010010001
1111110000010100
0000110010100100
0000001000101010
0000000000011111
1111010000101001
1111010101010101
0000110011111110
1111111100010001
0000001111001111
1111001011100001
0000010001000101
0000110101010101
0000001010111001
1111101000001000
0000001001111111
1111101111100111
0000000011010111
1111010100011110
0000101111100101
1111110011011000
1111100101001111
1111101011101000
1111011100011000
0000110100001001
1111100110110111
0000101011110001
0000100000101001
1111101111110101
0000011010001100
1111111110000100
0000011111111011
0000110100011001
1111111010101101
0000000000110111
0000011010011111
1111011000100000
0000001111101110
1111101111001111
1111010110110110
0000101111100101
1111001100110010
0000100000001100
0000111011111111
1111001110110101
1111110001100101
1111000101011100
0000001101001001
1111101011010011
0000110011101111
0000100101000000
1111100101011100
0000100100000010
0000011100110010
1111101010100011
1111101110101111
0000001000011100
0000100000010101
1111001010110011
0000001000110000
0000000010000010
1111000001001111
0000110000001000
1111111001111010
0000011110110001
1111011011000100
1111101100001011
0000010100010101
0000000010000111
1111101001110010
1111101000000001
1111100101000010
0000111110110101
1111111011010001
1111000111000011
0000000110100111
1110111111111101
1111011101111100
0000001100001100
1111110101110110
0000011011110110
1111110101001110
1111100100110110
0000110011100111
1111110010110011
0000010011010100
1111110010111011
0000001000111010
0000101111111101
1111101000100000
0000000100011010
1111111111101001
0000001001001101
1111011100101101
1111111010110011
0000111100100110
0000001000111101
0000000011001111
0000000101100100
0000000101001100
0000000110000000
1111011111010101
0000000100111001
1111010011100001
0000111001000100
0000010011011101
0000011010101110
0000011010110000
1111110010101010
1111100101011110
1111010101100110
0000000011001000
1111110010110001
0000010101011010
0000001101111111
1111110101011110
0000101011000010
0000101110011101
0000001011010001
1111011100001000
0000011000000001
1111010011101011
0000101011110010
0000001000001100
1111010011100010
1111101000111001
0000001110111111
0000011011010000
1110111010011011
0000001100100110
0000001111100001
0001001011010101
1110110100101011
1111101011000110
0000000011100101
0000100001111111
1111101100110001
0000001110010111
0000000110100000
0000110001001010
1111101101010110
1111001100011010
1111010110011000
1111011011100101
0000110111101010
1111100001111101
0000000110000100
1111010110110101
1111110000000100
1111110100011101
1111111101111011
0000000001001001
1111011100110000
0000111111011100
0000000000110101
1111101010011110
0000100111001101
1111101011101000
1111100001101101
0000011001111001
1111111010000110
0000100100011111
1111101110010110
0000001100110001
0000100110011010
1111000001100111
0000101100010001
1111101111110101
0000001001100000
1111011111010010
0000000111111000
0000000100010110
1111011011101101
1111110011000110
1111011001011000
0000001011111011
0000000010110100
1111101001001001
1111101011010000
1111110100011011
1111101011111111
0000101111101111
1111101110001101
1110100010101111
1110010001110111
0000100000010111
0000011110100111
0000000111000011
0000010010011110
0000011100001010
1111101100110011
1111010001111010
1111111110011011
1111101011000100
0000000111010110
1111111111101011
0000010010100010
0000101010010100
1110111001111101
0000011010001100
1111101101101111
0000001011001001
1111100101011001
0000100111010010
1110111000101011
1111110011011000
1111011011011101
0000010110100110
1111111110000000
1111111111100000
1111101100000100
0000011011010111
1111110100011011
1111011101110001
1111011101110001
0000100000101000
1111011000011101
0000010010000000
1110110100110010
1111111101101010
0000011100010011
1111101101101010
0000000001100101
0000000010110111
0000000111111000
0000000100101110
0000001000001110
1111111101010111
1111110110011111
0000010011101101
1111001011011001
1111111001110101
1111101001000010
1111100000010010
0000000110000111
0000001010001110
1111111000000110
0000000000010110
1111010001110010
1111101010111101
0000010100001111
1111011011001010
1111100001010000
1111100111011000
1111101100001101
1111110100111111
1111110010011110
1111011100010100
1111011100110000
0000110000000110
0000111000111001
1110010110011100
1111111100100010
1111001010100010
0000001001010110
1110101110111100
0000001100011011
1111101000000101
1111011001011110
0000111110110110
0000000111000010
0000010001110101
0000011000010010
0000010001011010
1111101111011101
0000111011100000
1111010111010110
0000010111101001
0000010111001111
1111110001111000
1111111011001101
1111110011000010
1111000100100010
0000011110111100
0000001000011001
1111111110011010
1111110000111100
1111111011011100
0000111111001010
1111101111100000
0000011100111101
1111010101100000
0000100011000111
0000000011110000
1111101100111100
0000010011001011
1111100010011100
1111101001101001
0000001001011010
0000000110000011
1111000111111010
1111001100001101
1111100111100001
1111000001001000
1111010000100111
0000011100111001
1111011110000010
1110111000000111
0000010110101110
0000010001001011
0000100111010011
1111111000011110
1111011010100101
0000010011001110
0001001010010000
0000100101100100
0000100110110110
1110111011111110
1111100000001110
1111110111010101
1111111011100101
0000001010100011
1111101101001001
1111011011001011
0000001001010011
1111010100100011
0000101101001100
0000110011000111
1111011111111001
1111101111000001
0000001011111010
1111101111110101
1111110110001000
1111111001010011
0000110011010000
1111110111110110
1111011001101000
0000110101100010
0000010001111000
0000010000101111
0000011000111001
0000010001001010
0000010110110101
1111111110001000
1111011001101110
0000101100110001
1111001011101001
1111110111111101
1111001011000000
1110001101000010
0000000100011100
1110111101000111
0000100111110110
1111100100010100
0001010100000110
1111101001100000
0000110000101110
1111110000001011
1111100100000100
0000000101111111
0000001000101010
1111011011001101
0000000110101011
0000101100010110
0000001100101110
0000010101111111
1111111011000100
0000000001011000
1111111011001101
0001010111001101
0000110110000111
0000000100000110
0000010111000000
0001010010010100
1111001101010011
1111011011010111
1111010110001110
1111111011011100
0000001101010001
0000110011110110
0001001101000001
0000100011010001
0000111100010001
1111000110010111
1111000000011000
0000101010100000
0000011010100101
1111111001100110
1111111100101001
1111110111011100
1111100101111001
0000000101001011
1111100111111001
1111110001100010
0000011110101011
0000101011100000
0000000010001011
0000100101110110
0000000010111000
1111111110110101
1111100010001110
0000010011000100
1111000101110110
1111110011011000
0000011001000001
1111101010011111
1111001101010101
0000010001011111
1111011111110000
