15 -29 44 -11 6 -16 -9 53 8 -21 5 -18 5 -42 -40 -3 -42 -6 -24 21 20 13 0 -26 5 -11 12 27 -6 -15 52 2 15 12 5 1 6 -13 19 -35 18 -11 -22 2 49 -11 28 -46 12 -24 -24 0 -9 -12 -27 -1 3 -10 -12 -2 4 -31 27 -4 -23 -20 19 11 34 8 -14 -12 62 40 67 39 83 84 -12 -24 -7 21 46 -5 -11 -1 -13 31 16 -16 23 22 38 48 36 55
16 -28 44 -4 14 0 0 63 17 -15 14 -12 8 -32 -32 -3 -29 -10 -4 7 11 22 -7 -40 9 -21 10 30 3 2 53 9 17 22 15 2 23 -8 27 -25 10 2 -25 0 63 -4 39 -42 19 -15 -30 16 -6 3 -20 15 5 7 -14 11 -12 -17 21 11 -25 -30 19 10 49 30 0 9 56 39 76 47 74 76 -3 -27 -22 18 29 -4 -14 -4 -1 41 34 -5 4 29 37 46 41 58
13 -29 40 -6 24 2 4 79 17 -5 8 0 6 -16 -45 -5 -23 -13 3 -14 9 8 -12 -30 17 -25 12 34 -2 15 57 2 18 28 20 -22 25 17 12 -18 5 3 -33 -1 46 -12 27 -48 11 -12 -34 11 10 2 6 10 29 11 2 15 -8 -24 32 15 -26 -30 12 7 55 45 11 14 41 32 60 39 65 48 -4 -37 -32 10 23 -18 -22 -7 1 42 54 4 16 36 24 26 23 39
12 -30 33 -1 1 1 17 85 33 4 2 -7 9 1 -40 -12 -10 -21 3 -26 -2 -5 -18 -29 5 -34 -3 51 -21 18 40 7 27 40 26 -35 22 15 3 -8 1 2 -31 -11 29 -8 8 -39 16 -18 -29 15 24 -5 25 1 31 6 18 9 -11 -27 29 22 -25 -31 26 19 56 53 12 18 28 29 36 23 34 21 -6 -47 -20 -4 22 -25 -25 -18 -6 21 33 17 10 41 29 14 30 28
17 -25 32 6 1 6 20 85 29 7 16 6 10 15 -24 0 -4 -24 11 -20 -9 -10 -9 -24 5 -26 -2 44 -27 30 14 7 28 45 41 -28 52 11 2 12 15 23 -26 -10 32 21 6 -27 12 -8 -24 27 27 3 40 14 34 14 38 20 -2 -17 13 26 -20 -31 28 21 43 50 10 20 13 28 16 4 15 7 -14 -51 -19 -14 15 -27 -22 -20 -7 1 12 17 -9 54 23 -17 41 24
30 -18 44 6 12 -3 38 80 41 5 32 30 12 30 -16 14 7 -21 0 -12 3 -22 -8 -36 -18 -20 -15 21 -33 31 5 2 51 60 52 -25 62 19 6 20 28 28 -15 1 32 37 11 -15 5 -6 -21 32 20 6 48 33 41 25 42 28 25 -5 24 32 -14 -23 37 47 31 47 -3 16 9 33 8 -11 16 2 1 -42 -1 -13 26 -19 -1 -5 -8 6 -10 40 -3 57 32 -26 36 26
46 -16 44 6 21 -1 49 59 54 -1 43 39 26 31 17 22 32 -8 2 22 21 14 24 -9 -17 -10 -14 8 -8 35 9 11 51 64 51 4 55 11 5 29 38 40 6 24 29 47 11 -2 0 7 -16 48 12 11 29 43 19 36 28 34 29 20 34 42 -17 -24 31 54 26 36 -21 14 8 25 0 -27 -5 -3 4 -39 12 -14 28 -13 10 -12 -16 10 -33 52 0 37 36 -14 45 27
47 -20 31 -3 22 -9 37 37 36 -18 41 35 27 20 40 16 23 -6 -2 50 40 15 26 2 -15 3 -11 -12 34 49 16 9 37 44 52 8 66 15 3 24 49 45 24 50 29 50 19 13 -10 30 -17 52 13 25 28 50 25 49 28 45 38 39 16 47 -19 -22 12 37 17 23 -29 18 4 3 -6 -40 -18 -15 3 -41 2 -19 11 -8 19 -16 -14 21 -37 43 5 35 28 -19 40 34
35 -9 10 -25 9 -16 49 27 38 -17 22 24 30 10 41 3 12 4 -3 44 48 13 11 1 -25 8 -15 -4 51 64 20 0 47 49 41 23 43 35 -2 22 30 37 44 50 15 18 18 26 -10 42 -10 49 13 21 20 53 18 69 17 61 28 45 14 64 -14 -5 7 47 8 14 -28 6 7 2 -16 -48 -41 -14 13 -40 11 -17 11 -9 29 -11 -20 31 -35 42 17 36 21 1 12 35
22 -5 -2 -18 5 -3 41 24 28 -26 8 16 37 2 47 1 14 17 9 53 51 27 11 26 -11 31 -5 16 69 68 24 -11 35 39 27 34 33 27 -5 27 20 32 50 51 12 26 11 24 -14 45 -12 52 22 22 16 32 7 71 13 58 6 50 14 51 -11 5 -2 30 -3 3 -24 4 4 -1 -26 -52 -32 -3 4 -41 10 -10 4 -5 19 -26 -25 32 -24 19 23 25 4 10 17 27
4 4 -16 -16 -6 -6 37 22 21 -35 -5 1 28 -5 43 -10 4 22 12 37 42 17 -2 11 -13 40 -4 35 58 78 18 -12 39 33 14 28 35 22 7 23 31 23 48 49 23 35 25 33 -12 55 -22 50 22 22 15 45 6 78 12 69 1 58 8 51 6 23 1 36 -10 4 -19 12 -6 10 -22 -50 -18 17 17 -36 22 -3 6 -2 34 -12 -16 34 -20 18 15 18 -1 32 24 29
-11 23 -15 -4 19 8 31 14 14 -29 8 13 31 -1 47 -1 32 23 33 28 34 47 13 28 2 38 17 30 31 77 19 -11 38 24 -14 35 4 35 31 20 33 17 62 32 33 28 30 24 -15 46 -24 42 14 6 7 54 -5 74 -4 72 -14 52 33 44 27 44 0 33 -14 -3 -26 5 -12 16 -15 -44 -6 42 29 -33 45 6 25 -6 44 -8 -20 27 -16 21 29 20 -12 45 23 21
-26 28 -11 13 36 16 10 7 2 -31 3 9 24 -7 52 0 52 12 45 49 27 65 40 40 6 51 38 22 30 39 22 -13 16 7 -29 14 -5 40 43 16 49 18 49 31 46 33 26 8 6 27 -39 26 8 2 7 37 -19 48 -7 47 -17 55 23 20 30 38 -9 14 -20 2 -37 19 -14 16 -4 -34 4 45 25 -32 44 5 35 4 43 -7 -17 27 -24 23 31 -6 -11 30 12 9
-37 25 -18 8 34 9 -15 2 -15 -29 -4 -6 7 -10 62 -9 44 -5 38 43 23 59 46 37 4 42 37 8 26 30 33 -7 -5 -7 -35 -4 -22 46 49 14 38 18 54 35 48 37 18 16 7 32 -42 9 3 4 8 50 -16 52 -5 45 -4 57 9 27 25 25 -16 -7 -21 9 -47 26 -17 13 -4 -28 -11 48 21 -35 41 12 37 -1 43 -3 -17 24 -39 30 28 -20 1 17 1 11
-43 13 -7 2 26 6 -30 -7 -18 -21 15 12 1 3 62 8 37 -15 29 41 12 43 33 33 5 35 35 -6 11 9 36 -6 -21 -17 -42 -9 -44 53 51 20 6 19 45 35 38 27 -3 11 -5 31 -45 -9 -8 6 0 32 -16 32 -6 26 18 37 -3 13 10 8 -19 -30 -21 -9 -51 17 -12 2 -7 -21 -21 40 27 -38 40 12 35 -1 37 -15 -20 17 -46 12 26 -43 5 -15 -4 19
-41 -4 3 -19 16 -16 -24 -3 -8 -15 25 22 4 12 68 18 35 -16 17 51 21 41 22 32 5 30 34 14 25 -8 31 -5 -23 -7 -28 -12 -33 46 53 28 16 19 33 42 26 39 -24 31 -17 27 -48 1 -21 27 -15 17 -27 21 -17 1 17 29 -41 8 -11 -8 -22 -28 -21 4 -45 30 -9 4 -8 -20 -23 31 22 -43 25 1 25 1 31 -12 -25 23 -48 -5 3 -59 5 -32 -14 12
-43 -24 3 -26 19 -20 -9 -8 7 -13 47 37 13 24 73 31 32 -9 15 39 45 35 -9 33 18 10 16 19 18 2 28 8 -12 -2 -9 -3 -19 35 61 23 6 19 36 50 24 49 -24 36 -35 31 -33 15 -20 31 -18 13 -18 23 -15 -1 35 24 -43 6 -26 -19 -32 -18 -22 21 -34 35 0 -15 -9 -18 -13 29 33 -30 16 -2 6 -10 31 -18 -28 10 -45 -16 -5 -61 3 -21 2 9
-33 -31 16 -37 21 -23 21 -12 36 -5 46 43 35 28 74 23 36 -11 20 36 53 28 -22 41 29 21 31 24 7 -8 21 20 6 10 5 20 7 19 62 15 12 27 27 54 17 50 -16 34 -32 28 -23 30 -16 24 -16 -5 -20 -6 -26 -16 26 6 -27 -7 -27 -24 -39 5 -21 35 -23 48 0 -24 -7 -13 4 18 38 -9 20 -17 -3 -3 18 -19 -22 -7 -39 -36 2 -57 -7 -20 -4 9
-30 -30 -2 -48 48 -29 36 -23 42 -12 10 19 53 9 66 2 40 -10 16 39 58 45 -10 45 31 13 44 24 13 -20 24 24 29 22 3 38 32 -1 64 2 30 28 26 58 17 62 -16 34 -39 13 -16 37 -19 18 -16 -21 -32 -17 -34 -24 23 26 -6 -9 -29 -27 -37 19 -22 63 -15 62 -8 -4 -3 -10 2 0 14 -2 2 -27 -10 -2 -2 -6 -20 -11 -34 -43 18 -40 -8 -13 -6 -12
-34 -35 -26 -47 44 -29 38 -33 47 -5 -10 7 37 -5 36 -7 24 -7 0 14 39 21 -32 40 13 7 41 7 0 -18 17 39 41 24 3 39 39 -17 57 4 11 29 27 66 29 57 0 30 -14 18 -3 27 -11 2 -4 -17 -30 -10 -29 -2 48 41 32 -1 -34 -35 -36 28 -23 55 -13 53 -8 -15 -6 -5 -8 -10 -1 -3 -2 -27 -4 6 -18 -9 -13 -8 -29 -41 37 -33 0 11 -12 -3
-35 -30 -39 -59 23 -42 39 -33 46 -14 -33 -22 17 -15 20 -33 10 -16 -13 -5 1 -17 -31 34 -20 -5 44 7 -9 -31 5 51 53 40 5 26 35 -21 63 6 16 21 35 61 16 48 -10 40 -8 21 -14 34 4 -9 6 -17 -14 -10 -15 -4 46 57 50 -1 -31 -29 -35 34 -17 43 -16 44 -18 -5 -15 -1 -11 -28 -16 -23 -12 -28 5 20 -31 -11 -18 -9 -25 -45 51 -17 -7 4 -11 -3
-39 -25 -50 -54 2 -41 32 -25 35 -17 -29 -35 -7 -28 -2 -37 -4 -11 -34 -14 -24 -47 -32 6 -53 -34 21 6 -18 -26 -17 38 60 42 10 7 27 -4 51 11 22 14 52 65 41 44 3 46 -10 18 -15 44 33 -12 33 0 12 6 21 12 69 75 48 18 -28 -21 -29 36 -15 35 -19 38 -17 18 -15 -7 -25 -32 -23 -44 -33 -22 2 11 -15 -24 -30 1 -24 -38 68 5 -5 20 12 -8
-21 -24 -39 -44 -16 -37 24 -11 29 -14 -12 -28 -23 -24 6 -37 -13 -19 -27 -23 -24 -60 -25 -1 -71 -26 19 10 -23 -5 -20 32 51 37 33 -5 38 21 50 25 28 20 71 52 55 40 29 67 -4 40 -11 49 57 7 60 31 38 25 45 32 58 78 53 40 -23 -17 -26 34 -9 24 -24 28 -15 15 -16 -13 -12 -27 -19 -40 -42 -16 5 16 -8 -42 -29 3 -19 -18 76 4 -17 31 22 -3
2 -13 -18 -46 -17 -40 33 -11 33 -30 -6 -23 -20 -30 31 -45 -19 -21 -7 -18 -5 -48 15 5 -64 -2 18 12 -12 8 -10 13 49 46 45 -14 44 29 44 25 23 18 68 28 47 38 30 74 -16 42 -22 48 51 23 43 35 39 21 38 17 46 72 44 25 -10 -13 -22 34 -3 26 -30 21 -9 27 -14 -13 -3 -14 -22 -38 -54 -12 4 5 -6 -44 -29 -15 -11 -3 56 18 -28 14 29 -4
13 -4 -7 -47 -27 -37 32 -10 32 -33 -1 0 -18 -35 35 -35 -26 -20 -14 -19 -4 -45 15 -14 -53 -1 13 3 -14 15 5 8 42 41 43 -17 34 37 16 10 5 15 56 0 57 28 35 72 -19 38 -17 30 55 28 48 31 41 16 38 16 37 58 34 19 -5 -11 -7 38 -4 34 -37 10 0 35 -14 -20 -18 -3 -23 -30 -39 -13 10 -9 -12 -40 -14 -22 -14 15 49 23 -32 18 28 14
15 5 -8 -50 -8 -43 29 -12 41 -44 -6 0 -6 -38 38 -31 -29 -20 -1 -22 -1 -29 18 -4 -21 19 19 1 -15 16 26 15 43 42 38 -14 24 10 12 -12 3 6 45 -12 29 1 19 66 -17 38 -16 12 58 37 47 13 42 4 40 -3 17 28 30 2 2 -7 3 43 -1 39 -36 2 1 20 -16 -17 -17 -6 -17 -17 -27 -15 15 -3 -24 -22 7 -26 -4 19 24 22 -31 10 1 22
9 20 -2 -49 -21 -47 41 -13 50 -40 -5 7 -8 -38 32 -16 -22 -4 2 -13 3 -34 6 -15 -6 16 10 -15 -17 3 16 19 53 45 22 -32 9 -13 13 -36 -15 -10 14 -8 12 -24 2 34 -27 14 -14 -1 78 11 59 -14 56 -20 61 -29 5 -6 10 -33 12 7 -2 47 -7 49 -39 -3 2 -2 -22 -17 -19 -8 -10 -20 -17 -16 8 -15 2 -14 4 -28 -9 17 -6 31 -20 -10 -29 31
3 23 -7 -43 -18 -42 36 -7 55 -34 0 -1 -15 -35 15 -6 -11 1 4 -3 -8 -38 -13 -40 4 -4 5 -18 -21 -25 23 28 54 41 15 -38 -2 -24 10 -58 -12 -11 0 -16 19 -35 6 8 -35 -5 -10 -7 87 -18 84 -36 63 -37 74 -36 -1 -24 12 -45 12 17 -8 50 -13 53 -40 16 -10 -19 -25 -11 -15 -23 -6 -13 6 -17 8 -8 20 -15 -6 -14 -15 11 3 19 -9 4 -31 42
10 27 -4 -31 -8 -28 49 0 74 -24 12 -6 -9 -29 -8 5 9 1 9 -2 7 -14 -2 -31 19 12 7 -13 -10 -30 13 22 54 46 13 -19 11 -35 12 -61 5 -10 -5 -7 16 -22 4 -4 -34 -9 -12 0 91 -11 90 -30 63 -40 73 -34 2 -36 24 -52 23 26 -18 54 -18 37 -37 20 -32 -41 -24 -2 -8 -23 4 0 11 -12 6 11 42 -24 -12 -10 -9 4 -11 6 0 8 -33 45
10 19 1 -27 -15 -20 41 -1 63 -17 14 -15 -10 -23 -8 5 13 -3 10 4 9 -2 -8 -15 3 -9 27 -20 -7 -56 10 10 34 34 18 -13 25 -16 22 -56 2 -5 -3 -14 20 -4 3 -2 -23 -20 -17 -1 91 -26 96 -37 67 -49 69 -40 -8 -31 13 -70 20 22 -33 45 -27 19 -47 27 -40 -40 -14 10 0 -6 2 -6 12 -4 5 27 59 -24 -14 -10 -14 8 -18 7 10 3 -4 36
10 12 -2 -28 0 -18 30 -2 56 -16 12 -21 -6 -20 -4 -2 -1 -12 9 4 -1 23 19 3 6 -12 33 -6 -2 -52 25 -7 13 30 10 2 14 -4 14 -46 4 -10 6 -26 15 1 2 14 1 -29 -16 -4 77 -32 94 -32 61 -38 48 -43 -15 -21 6 -59 16 10 -36 45 -32 1 -40 40 -34 -31 -7 21 -5 7 -9 2 24 6 11 38 60 -13 -4 8 1 -7 -9 13 2 2 21 27
3 15 7 -28 -7 -14 28 -7 51 -24 10 -9 -6 -29 4 -14 -9 -14 3 11 -9 28 20 18 7 3 39 -4 9 -23 19 10 19 30 15 13 7 2 -3 -25 -8 -9 8 -24 7 7 2 23 10 -14 -7 4 99 -17 115 -6 78 -19 67 -27 -8 -2 3 -32 22 6 -40 47 -32 8 -40 22 -30 -29 -6 18 -11 21 -6 8 24 23 3 40 53 -8 3 16 9 -15 -20 31 -7 -10 39 15
-11 8 7 -34 3 -25 17 -10 31 -36 8 0 0 -32 16 -22 -13 -6 8 34 -9 18 21 21 -9 -4 32 -8 -1 -11 15 7 25 18 50 8 6 19 -3 -8 -30 -11 8 -21 3 2 0 23 17 -9 -5 -5 74 -26 98 -3 68 -7 61 -18 -17 -3 -1 -24 13 -7 -39 40 -30 50 -46 35 -20 -11 -3 15 -12 31 -4 7 28 17 4 40 46 3 12 16 4 -20 -16 39 -1 -20 44 -5
1 11 29 -36 -2 -33 18 -9 34 -36 16 19 -7 -30 13 -14 3 0 8 41 3 15 21 5 -7 7 1 -6 -6 -3 2 14 25 20 67 10 -7 11 -13 5 -40 -15 -8 -16 2 -6 -3 9 2 -8 -8 -15 53 -17 66 -4 41 -12 45 -20 -24 -7 15 -22 14 -3 -38 30 -23 86 -43 18 -12 -15 -5 9 -12 35 2 12 36 9 1 28 27 3 7 30 14 -26 -12 29 -18 -16 12 -1
2 5 53 -29 -4 -25 22 -5 25 -34 15 25 -10 -30 13 -7 34 1 1 38 20 -2 8 0 -21 20 -5 -10 -4 -6 -8 26 27 10 90 10 5 16 -20 16 -45 -2 -20 -20 9 4 -16 -12 -16 10 -12 -4 22 0 27 3 18 -15 36 -12 -24 -20 19 -19 11 1 -40 13 -17 93 -52 3 -12 -24 -1 3 3 39 9 -3 24 5 -6 23 -2 -10 -6 21 12 -14 -12 31 -17 -5 -10 5
9 -4 54 -16 7 -13 35 6 26 -15 10 22 11 -21 16 3 38 3 1 30 41 -2 11 7 -28 32 -3 -9 -1 -13 -26 5 25 15 83 17 7 28 -13 17 -34 -3 -14 -4 3 13 -26 -41 -24 14 -23 5 -5 -1 1 5 -7 -17 15 -14 -29 -31 19 -14 0 -2 -34 17 -8 82 -50 3 -5 -24 6 2 12 26 1 -11 3 -1 -6 10 -19 -14 -7 1 10 3 -1 39 -2 -9 -24 8
27 -8 70 -11 5 -9 36 -1 21 10 6 19 13 -15 27 13 31 -4 -12 10 48 10 7 -1 -32 56 13 -11 23 -25 -27 -5 9 20 64 28 1 17 -12 20 -27 2 -14 0 2 16 -10 -42 -42 29 -29 4 -9 11 -16 -12 -15 -34 6 -28 -37 -29 22 -21 -6 -4 -34 15 -5 59 -41 -14 6 -40 14 8 12 34 -11 -27 -13 -2 -22 -11 -33 -28 -25 -1 34 14 11 27 -1 -19 -40 0
19 -12 65 -1 21 -5 46 -3 16 19 9 19 21 -18 39 17 13 -7 -5 -10 46 17 32 13 -21 58 25 0 48 -10 -13 -11 18 22 44 37 7 21 -12 21 -12 14 -20 -8 10 22 6 -40 -36 45 -22 5 -13 26 -21 -11 -10 -24 -3 -16 -28 -15 9 -17 -9 -11 -35 19 1 19 -36 -23 9 -52 12 13 7 33 3 -39 -29 -8 -38 -31 -43 -42 -30 -10 26 25 17 20 8 -17 -36 -1
19 -11 47 9 28 -7 49 -2 22 16 15 20 21 -18 38 16 -7 -5 4 -18 29 15 30 3 -12 38 24 2 38 -2 -9 -9 27 31 33 40 5 22 0 13 10 16 -12 -3 11 25 19 -30 -20 38 -24 -3 -16 23 -25 -11 -20 -19 -15 -3 -20 4 -6 -15 -13 -12 -32 30 5 14 -31 -25 14 -49 17 22 2 24 7 -33 -36 -14 -46 -42 -47 -40 -23 -23 18 26 6 9 30 -13 -11 -1
12 -4 36 -4 17 -27 48 -1 26 8 19 18 2 -17 27 18 -14 -1 -6 -29 4 -10 15 -15 -14 15 21 9 19 -14 -4 -18 33 23 22 36 10 31 4 9 15 13 -7 -4 12 12 23 -17 4 31 -22 -10 -18 20 -39 -24 -20 -28 -23 -10 -23 17 -21 -29 -10 -9 -28 29 6 16 -26 -22 26 -55 25 26 8 30 6 -27 -32 -22 -46 -38 -41 -50 -40 -23 13 11 -9 -2 18 -10 5 -10
4 -2 19 -6 -1 -28 52 10 33 5 12 8 -7 -14 14 10 -18 1 -4 -19 0 -23 28 -5 -12 -3 7 20 -1 -2 -12 3 47 15 -2 16 1 41 -7 6 18 2 3 -9 24 11 6 -14 44 29 -20 -4 -12 12 -23 -12 -14 -18 -15 -2 4 11 -30 -23 -11 5 -29 25 12 -1 -28 -8 44 -53 36 24 6 19 7 -26 -25 -11 -42 -39 -38 -37 -37 -25 16 -1 -23 0 12 -4 23 -5
16 -4 10 -3 -5 -15 56 36 46 9 6 9 -12 -8 8 12 -5 -4 -4 15 0 -14 28 6 -22 -1 15 20 5 7 -15 27 43 19 -4 8 5 52 -5 6 15 -10 12 -3 14 12 -5 -12 62 20 -25 -1 -23 2 -16 -3 -26 -12 -17 1 6 -1 -15 -17 -16 18 -26 31 17 12 -35 4 63 -38 47 24 7 24 -14 -27 -22 -2 -29 -23 -32 -26 -33 -29 37 -12 -17 3 20 1 52 -11
29 -3 17 -15 -1 -19 62 57 57 18 -7 1 -10 -2 2 7 13 -12 13 37 4 -6 49 14 -25 2 27 12 24 15 -17 48 40 26 2 4 14 36 -3 15 -5 -18 7 2 33 10 -3 -13 62 14 -30 4 -10 1 3 2 -12 0 -1 9 6 -25 12 -8 -13 33 -17 45 23 23 -32 37 57 -20 43 27 11 36 -23 -24 -19 1 -28 -12 -19 -16 -27 -23 77 -11 1 15 26 3 55 -11
34 -3 20 -7 14 -10 57 64 47 19 -5 4 -14 2 -4 9 28 -21 31 48 7 10 60 15 -11 9 16 5 34 31 -14 63 31 28 11 12 29 9 -5 24 -5 -8 0 -6 50 24 8 -2 50 5 -33 -2 -9 19 13 10 -4 15 6 18 3 -29 24 2 -12 37 -15 35 30 26 -30 58 47 8 37 35 -3 33 -11 -32 -20 12 -45 -9 -17 4 1 -34 101 0 11 2 36 12 36 -23
26 2 18 -5 28 -7 50 71 46 17 -6 2 -33 4 5 6 36 -14 43 33 -13 15 40 9 -1 -2 10 -1 34 50 2 68 24 32 25 4 40 -13 6 13 -13 5 2 -16 52 31 21 12 32 -16 -33 1 -12 17 14 35 -10 34 -6 37 -9 -35 39 30 -4 32 -8 38 34 35 -33 62 24 21 24 48 -5 23 6 -22 -18 2 -46 3 -1 7 12 -33 90 3 11 -3 42 13 18 -25
13 13 6 -12 24 -15 45 61 38 25 -12 -9 -29 2 2 1 27 -7 27 6 -29 8 17 -13 2 -9 1 10 9 51 -7 52 32 32 28 -8 41 -24 3 6 -26 20 8 -24 56 18 16 16 26 -24 -29 4 -1 6 11 48 -5 47 -4 44 13 -42 53 39 4 37 -6 35 31 33 -37 66 -1 38 9 59 -8 9 3 -20 -11 0 -45 0 32 10 5 -26 70 2 13 -7 38 21 3 -18
-4 21 -17 -5 27 -5 38 42 29 27 -1 -1 -6 5 20 14 18 18 6 -7 -28 19 -3 -12 7 -5 3 36 -5 55 -8 39 36 31 17 -19 27 -11 -13 -7 -32 30 14 -22 25 6 3 28 32 -5 -23 6 -4 1 -1 48 -6 45 -19 40 23 -21 57 37 3 31 -13 24 34 27 -40 31 -4 30 9 67 -6 -8 3 -18 -10 -6 -30 0 31 16 0 -22 27 -3 7 -20 20 18 -13 -21
-15 21 -30 -2 22 3 27 37 22 32 2 -10 18 7 43 16 8 27 5 -3 -22 33 4 -4 -7 -7 17 44 5 60 -11 38 30 20 17 -21 16 -2 -28 -7 -43 35 12 -9 5 12 -4 45 35 29 -18 12 -6 4 -15 48 -8 39 -26 40 33 -12 51 33 2 32 -19 19 35 21 -46 16 -12 12 4 70 -5 -7 3 -10 -11 -23 -14 6 31 19 -5 -9 8 -10 -14 -17 5 -2 -6 3
-16 32 -31 4 27 15 23 25 9 21 6 -11 45 1 43 19 7 33 23 15 2 42 18 1 -7 5 23 53 19 50 -23 18 20 11 6 6 17 -2 -46 1 -38 29 6 10 -9 -3 -18 32 36 39 -15 10 -3 18 -15 27 -6 17 -20 26 39 23 37 11 9 44 -15 4 35 12 -49 2 -12 0 1 71 2 -7 0 -20 -14 -28 -15 15 16 14 -5 -16 -5 -13 -17 -5 -1 9 19 24
-27 37 -34 8 36 16 19 8 13 6 13 2 51 -6 51 30 19 41 45 22 30 42 33 -3 -5 7 31 24 31 40 -26 12 8 1 -3 24 8 -8 -51 9 -24 20 -6 7 -14 5 -11 30 22 34 -20 8 -2 28 -7 11 0 6 -15 26 13 49 20 -1 13 44 -15 3 32 3 -43 -11 -8 -7 -2 55 5 -22 18 -14 -25 -30 -14 12 -21 11 3 -21 -9 -10 -23 10 -4 12 15 20
-26 40 -24 1 17 4 15 3 8 -5 21 12 37 -16 34 27 15 28 54 19 32 34 17 13 -4 11 19 4 46 32 -44 -1 6 -5 -2 30 3 -11 -53 17 -22 11 5 9 -10 15 -1 20 -4 13 -20 2 -4 26 1 7 -5 -5 -10 24 -1 51 -5 -2 22 46 -4 4 24 -3 -43 -7 -4 -3 -7 44 -8 -22 32 -19 -28 -26 -15 11 -30 10 9 -15 6 -12 -19 28 -2 2 6 33
-20 44 -11 -4 14 2 26 5 26 -14 32 27 34 -15 27 26 18 36 43 14 31 33 11 14 4 14 7 1 42 26 -42 -1 20 19 -9 30 6 -17 -40 18 -28 -10 -1 12 -2 8 -2 0 -5 -16 -21 -2 3 9 13 7 -8 2 -2 32 -17 38 -4 2 31 50 11 29 20 0 -38 -23 1 19 -10 31 5 -5 35 -8 -29 -15 1 4 -23 4 13 -24 -8 -10 7 40 24 26 25 25
-14 39 -3 -9 20 -7 30 20 35 -1 37 36 34 -5 31 32 13 37 27 20 37 36 19 5 14 21 22 1 36 31 -35 2 28 22 -6 14 5 -11 -28 23 -23 2 -6 15 1 18 5 -2 2 -15 -16 7 1 4 -1 15 -17 18 -8 41 -34 26 -8 9 28 43 18 41 14 -2 -28 -19 4 34 -8 24 19 4 33 -1 -30 -6 4 -16 -13 15 13 -17 -2 7 22 52 40 29 0 5
-2 36 23 -6 27 -9 39 31 33 3 35 29 34 -1 21 30 10 23 16 17 21 30 13 5 16 19 18 20 40 28 -33 5 35 27 -4 19 12 -9 -21 23 -27 14 3 28 -6 17 20 9 0 -13 -9 12 -13 -6 -11 20 -28 18 -18 36 -49 9 -20 15 26 39 23 41 11 11 -30 10 8 31 6 20 15 16 16 5 -23 -6 9 -17 0 23 13 0 4 1 17 40 46 9 -11 2
3 25 39 3 25 0 29 44 37 14 18 17 33 -1 15 27 10 19 9 17 5 28 34 -15 28 12 17 27 34 38 -23 3 22 25 -2 21 23 -12 -14 22 -19 4 -13 18 -12 5 15 14 10 3 -8 7 -3 -13 -1 32 -15 41 -9 49 -53 8 -5 38 15 22 24 32 1 15 -29 13 5 29 9 9 11 31 15 4 -9 -1 7 -25 5 12 -1 -13 -7 1 8 28 54 16 -2 -2
8 11 43 11 6 6 26 37 29 18 -4 -1 27 -8 7 27 13 -5 15 12 5 27 30 -19 30 14 17 24 30 45 -39 -11 11 11 5 16 19 -13 -1 10 -20 15 -6 14 -25 9 21 19 15 5 -1 5 2 0 9 41 -5 52 2 54 -50 6 -1 45 2 4 10 14 -7 22 -31 25 -1 -1 7 -1 -12 18 10 -13 -1 -5 -16 -25 -10 9 -8 0 -6 -3 3 30 42 9 -25 -4
3 -5 31 10 -3 0 19 28 24 12 -15 -10 19 -19 15 25 6 -18 4 -2 5 22 1 -15 15 13 14 19 28 26 -32 -15 15 10 18 21 29 1 7 10 -25 13 5 16 -30 35 19 25 -3 11 -3 -4 14 12 37 39 16 44 24 46 -47 7 -4 39 -15 -8 -7 5 -11 25 -33 33 -14 -27 6 -16 -39 9 -4 -19 3 -2 -26 -18 1 7 -11 14 -15 -12 -21 12 22 -2 -27 7
-5 -17 8 -3 -12 -3 12 22 26 6 -25 -11 17 -19 19 16 -6 -12 -8 6 -2 16 -14 -16 10 19 -1 12 19 35 -22 -10 30 20 13 15 18 4 -3 7 -40 14 13 19 -25 50 4 18 -5 0 -15 -2 30 16 41 37 20 41 28 45 -23 21 0 38 -25 -17 -11 14 -7 16 -30 20 -7 -44 2 -22 -33 1 -11 -25 -2 8 -35 -19 6 7 2 -5 -31 -10 -24 17 10 -6 -19 16
-8 -23 -8 -10 -3 -5 20 11 32 -5 -28 -24 0 -21 15 5 -8 -15 -19 13 0 18 -40 -26 0 11 -13 21 9 26 -25 -8 44 31 0 15 11 20 2 -7 -39 21 9 25 -18 64 10 21 -16 -18 -18 4 17 30 24 25 9 18 25 31 -7 19 -5 21 -25 -16 -19 23 -1 13 -34 22 11 -54 7 -22 -18 -11 -5 -26 -10 14 -47 -2 20 7 9 -2 -37 -1 -29 12 7 -10 -17 7
-11 -15 -13 -30 -2 -25 16 9 34 0 -32 -24 -25 -11 10 -5 -21 -11 -32 18 -5 14 -52 -29 -7 -4 -24 27 -7 5 -19 -11 49 34 -3 17 3 27 -3 -15 -24 20 6 20 -12 59 4 32 -31 -21 -24 4 4 12 5 2 1 -14 9 6 -7 15 -1 -2 -17 -3 -18 25 -2 4 -39 13 31 -49 18 -17 4 -4 -7 -11 -10 12 -40 4 35 14 10 -13 -37 2 -22 0 3 -11 -8 8
-3 -20 -7 -34 9 -32 5 6 25 -3 -25 -21 -25 0 5 -7 -12 -8 -39 29 -9 21 -43 -22 3 -12 -33 38 -27 14 -15 -2 26 29 -32 15 -13 12 -9 -32 -16 9 -11 2 -12 23 -4 28 -37 -35 -30 -13 -3 -7 -8 -9 -18 -28 -5 -11 -4 -11 -7 -15 -20 -12 -27 22 -4 9 -47 3 45 -38 17 -15 24 -4 -2 -9 -13 -3 -27 3 21 3 10 -23 -41 4 -18 -4 17 -7 10 11
-1 -26 -4 -30 23 -32 5 17 27 -2 -12 -14 -7 0 10 4 0 -8 -22 38 3 30 -25 -16 14 -15 -10 35 -32 2 -22 1 11 21 -37 5 -25 -2 -2 -47 6 -12 -24 -15 -13 -2 -2 16 -44 -31 -23 -19 -9 -11 -9 -17 -9 -38 -9 -20 -17 -35 -11 -23 -25 -25 -32 10 -9 3 -49 -16 81 -36 10 -13 8 3 0 -19 -9 -6 -23 5 12 -16 -10 -12 -42 3 -24 -15 35 -6 11 8
-15 -31 -13 -37 27 -43 9 23 12 -12 -11 -4 -2 0 23 8 -8 -13 -4 40 13 32 -12 -2 24 -8 -12 24 -26 5 -13 6 6 9 -27 7 -19 -20 0 -40 14 -16 -10 -23 1 -5 -3 16 -22 -33 -21 -12 -12 -26 -8 -17 -9 -35 -13 -22 -16 -39 -22 -25 -31 -33 -34 5 -14 13 -44 -28 74 -34 1 -11 8 10 -6 -16 -7 0 -11 2 9 -22 -15 -10 -45 -8 -20 -5 42 -1 14 6
-34 -52 -21 -41 34 -46 -7 11 -10 -39 -12 -15 14 -21 18 8 -4 -22 0 29 18 18 -11 6 23 -8 -3 18 -15 1 -6 10 -9 0 -15 -8 -27 -16 2 -35 17 -8 12 -21 0 6 3 13 -1 -17 -21 5 1 -21 10 -12 0 -32 -9 -21 -4 -21 -37 -14 -47 -56 -37 -11 -16 14 -46 -15 63 -24 0 -3 3 -8 -8 -35 -19 -1 -3 -6 -6 -36 -19 -2 -36 -12 -36 5 44 3 10 -7
-52 -57 -36 -40 36 -39 -7 -1 -11 -45 -10 -11 28 -28 9 10 17 -32 5 14 21 9 -18 1 14 -17 6 24 -8 -19 -15 -2 3 -6 -7 -4 -31 -19 13 -34 24 -14 19 -8 5 -2 2 11 24 -5 -21 27 3 -10 10 -15 16 -28 -2 -14 8 -1 -39 -7 -46 -62 -30 -14 -16 -1 -47 -14 60 -32 1 3 -7 -3 0 -31 -23 9 -2 -9 -7 -39 -28 -13 -13 -24 -38 27 31 0 -3 -13
-50 -57 -47 -42 29 -37 -9 -10 -18 -43 -6 -14 10 -24 13 9 32 -45 1 -7 14 -4 -30 8 14 -12 0 23 9 -18 -24 -18 4 -18 -6 -1 -25 -9 11 -26 29 -15 17 -2 15 1 -1 14 29 2 -13 30 4 8 6 -13 16 -22 0 -13 4 11 -34 -2 -41 -56 -23 -4 -16 -6 -49 5 27 -17 3 4 -6 6 -4 -15 -34 3 -3 -18 -18 -29 -24 -34 -5 -30 -28 33 15 -5 3 -6
-33 -53 -30 -41 28 -35 -22 -17 -17 -38 5 -8 27 -21 7 10 44 -38 -6 -19 10 -9 -28 22 10 -1 9 20 13 -27 -27 -30 4 -18 -13 -3 -47 -21 0 -21 18 -18 5 0 -5 -4 19 -1 20 9 -7 17 11 20 11 -17 25 -26 0 -20 -12 15 -26 -15 -39 -55 -20 -1 -15 -17 -52 11 32 -2 1 -7 -14 -6 -14 -18 -33 -13 10 -37 -36 -25 -21 -47 1 -34 -31 26 2 -13 6 5
1 -50 -10 -25 42 -22 -5 11 5 -22 32 26 35 -10 19 24 55 -33 3 -18 22 9 -6 24 21 17 13 10 26 -14 -29 -22 14 -11 -26 17 -40 -40 -24 -17 19 -30 -7 4 -3 -16 9 -2 14 10 -1 6 0 22 2 -17 21 -18 -3 -21 -24 13 -21 -17 -34 -53 -22 12 -9 -11 -45 17 31 -14 -9 -22 -23 -5 -14 -7 -19 -12 7 -38 -38 -30 -29 -51 7 -39 -33 5 -5 -23 -10 19
18 -43 2 -28 31 -31 5 28 18 -15 27 25 35 -18 28 22 37 -24 6 -7 14 9 14 34 24 35 6 -5 32 -7 -41 -20 11 -4 -10 30 -33 -40 -34 -3 11 -28 -5 11 -6 4 33 6 -8 18 9 2 -11 7 -6 -13 -1 -11 -13 -19 -46 19 -6 -19 -28 -42 -20 13 -2 5 -38 13 29 -29 -16 -33 -28 -16 -32 -17 -22 -5 -2 -43 -47 -27 -23 -26 -14 -46 -36 -19 -5 -27 -14 16
34 -40 32 -20 22 -29 -5 19 11 -17 8 17 37 -31 24 11 22 -6 -4 8 10 27 21 42 30 25 -15 1 17 -3 -28 -20 -4 -1 -6 46 -30 -47 -32 0 -4 -32 -1 16 -17 10 36 15 -10 29 6 -4 -16 -8 -9 -5 -8 0 -8 -14 -33 27 5 -13 -32 -41 -16 -1 5 22 -29 10 27 -43 -17 -30 -11 -31 -20 -25 -13 -8 5 -21 -38 -26 -22 -17 -9 -49 -42 -11 1 -15 -12 1
39 -41 34 -13 15 -18 -2 12 -1 -2 -3 3 42 -30 24 4 7 2 -13 8 -3 2 24 23 20 -1 -12 -6 0 -1 -27 -20 -13 -10 -1 28 -21 -23 -23 5 -1 -38 13 25 -11 15 16 29 -12 45 7 14 -33 -7 -21 7 -32 6 -21 -5 -20 24 29 -3 -35 -41 -8 -15 15 24 -20 10 15 -48 -12 -18 -2 -22 -19 -17 -6 -6 -12 2 -34 -28 -23 -5 -3 -51 -29 -17 0 -3 -8 -1
33 -26 19 -25 -3 -24 0 -7 -9 5 -31 -25 42 -33 30 -14 0 10 -21 31 -26 -14 6 26 -6 -16 -9 -4 -15 -16 -31 -16 -13 -12 9 15 -22 3 -13 12 -4 -32 13 29 -5 6 -1 41 -19 40 11 20 -34 -1 -23 15 -27 13 -17 1 -9 11 35 -3 -30 -30 -5 -30 22 8 -22 -7 7 -48 -9 -5 -17 -21 -13 -22 -6 -6 -18 18 -27 -20 -15 -6 -14 -49 -20 -1 -1 -6 10 2
36 -17 25 -29 -3 -23 6 -25 -5 11 -42 -22 16 -30 33 -16 3 17 -28 27 -34 -13 -15 23 -6 -39 -7 -18 -9 -18 -21 -23 -3 0 -7 15 -25 26 -17 21 -2 -19 13 15 -11 1 -17 49 -13 21 16 22 -31 14 -23 17 -15 14 -24 -3 10 -3 31 -13 -25 -24 -1 -12 27 -5 -20 -7 3 -37 -2 3 -20 -19 6 -4 2 -7 -25 27 -26 -22 -13 -12 -5 -38 -2 6 3 -4 14 18
29 -11 16 -43 -7 -35 12 -20 -1 10 -41 -17 -2 -24 19 -12 3 21 -23 11 -29 -36 -22 7 -33 -49 1 -26 -2 -28 -20 -21 8 9 -13 0 -21 24 -13 25 2 2 7 -3 -3 12 -27 45 -9 24 16 32 -43 15 -24 9 -16 8 -33 -6 13 -9 26 -19 -19 -10 -10 -3 26 -6 -26 -17 -15 -27 -1 9 -30 -12 -2 -6 -1 2 -30 15 -15 -23 -13 -6 -1 -33 5 -9 -4 1 7 28
18 -3 17 -54 1 -45 4 -17 13 9 -39 -13 -12 -27 13 -6 22 15 -15 19 -17 -1 -21 0 -37 -32 4 -22 2 -26 -11 -8 16 20 -18 16 -9 9 -8 17 -2 15 -11 -25 -1 17 -26 24 -1 24 8 9 -38 14 -21 6 -9 10 -28 -11 22 -10 9 -12 -11 10 -26 5 26 -5 -33 -18 -30 -29 -8 8 -43 -16 -4 -12 -4 6 -21 -4 0 -13 1 -4 -8 -24 14 -11 -21 12 8 25
14 3 15 -36 10 -26 -4 2 12 6 -25 -4 -15 -22 -1 9 27 22 -18 -14 6 20 -2 -21 -28 -15 7 -16 18 -17 0 -15 5 11 -36 12 0 -8 -13 12 -23 -7 -15 -30 -4 20 -5 5 4 33 -7 -12 -41 14 -28 -1 -20 2 -31 -20 34 -6 4 -19 -11 17 -36 12 22 3 -37 -22 -29 -17 -9 5 -5 -15 -2 -12 -14 12 -1 -19 8 -16 1 10 -11 -19 9 -15 -29 20 15 32
15 5 11 -26 18 -13 -15 5 -1 0 -16 -17 2 -20 -12 4 21 29 -15 0 13 14 22 -27 -28 -7 26 3 16 -6 3 -9 -11 -7 -35 -5 -5 -13 -7 8 -27 -15 -18 -20 11 11 -15 -25 4 49 -21 -10 -38 1 -26 -6 -15 -1 -15 -18 32 -2 -1 -15 -8 23 -44 6 12 11 -41 -29 -34 -4 -17 5 7 -9 -13 -22 -17 12 15 -34 15 -20 3 19 -12 -27 -7 -11 -36 18 20 29
13 13 -2 -29 27 -15 -17 2 -10 -1 -11 -18 11 -16 5 4 18 25 -17 16 -5 28 15 -27 -24 1 32 15 7 -5 9 2 -24 -6 -34 -13 -5 12 -2 3 -26 -20 -9 3 19 -1 -16 -25 3 30 -31 -20 -27 -1 -6 -8 -2 -6 -3 -25 24 -2 -9 -21 -1 28 -41 3 12 5 -39 -37 -33 -7 -18 -1 26 1 -9 -11 -13 15 18 -38 12 -26 5 27 -16 -22 1 -6 -31 4 24 36
23 18 -15 -19 24 -9 -15 6 -16 -9 -18 -20 13 -10 20 7 16 33 -20 6 -14 1 4 -24 -31 23 13 13 -2 1 -2 -4 -34 -3 -31 5 -10 30 2 7 -19 -11 0 23 27 -10 -12 0 1 14 -29 -3 -27 -10 -2 -4 5 -4 0 -12 2 3 -9 -21 7 24 -42 -1 7 11 -41 -37 -32 -23 -17 -3 31 10 13 -1 -20 9 21 -32 -3 -35 -4 26 -17 -21 -7 5 -16 -10 -1 39
25 19 1 -26 18 -21 -19 -11 -25 -9 -26 -14 3 -12 24 8 5 28 -16 15 -16 -37 -23 -20 -30 14 4 17 -13 8 -11 8 -33 4 -28 15 -8 26 21 15 -6 14 11 37 35 -12 -11 -1 1 5 -25 18 -22 -15 -3 -4 -5 -3 -11 0 -2 22 -7 -16 17 26 -36 -8 5 11 -36 -19 -28 -22 -21 -1 16 26 18 9 -21 5 16 -33 -13 -36 -17 25 -10 -14 -1 6 16 -10 -27 38
14 18 1 -30 8 -23 -12 1 -27 -6 -30 -7 -18 -5 27 9 -8 13 3 -5 -27 -53 -53 -30 -27 12 -22 18 -22 8 -4 19 -31 12 -33 12 -2 3 27 13 8 28 18 36 39 9 -4 12 2 -11 -27 19 -17 -14 4 11 -4 7 -11 12 -5 29 7 -7 17 22 -29 -16 3 9 -34 -11 -17 -26 -14 3 20 41 34 10 -23 1 46 -21 5 -26 -25 24 -15 -4 5 -2 38 -13 -12 40
6 11 5 -20 -2 -11 -14 23 -26 -14 -35 -4 -22 0 10 7 -10 1 7 -25 -14 -60 -45 -27 -21 8 -16 17 -4 20 -18 21 -28 8 -33 21 11 -22 30 16 17 36 34 29 37 14 -1 -11 -1 9 -21 18 -27 -6 -13 17 -26 9 -19 22 -2 29 14 0 14 12 -38 -21 -3 13 -34 6 -12 -26 -12 4 14 48 47 13 -24 4 47 -13 6 -22 -24 15 -22 -9 -1 -1 42 0 -24 27
-4 3 14 -18 -8 -8 -15 25 -29 -25 -24 1 -30 7 -1 10 -16 0 -1 -20 3 -48 -44 -29 -10 -3 10 12 24 15 -19 24 -26 -8 -32 -2 14 -30 12 22 10 39 46 34 42 29 -12 -35 -5 4 -26 17 -35 0 -24 17 -39 11 -30 18 11 32 -1 -1 7 7 -35 -26 -10 1 -30 17 3 -10 -6 6 48 61 23 10 -19 12 31 -9 4 -24 -27 10 -11 -14 -18 -4 46 -13 -14 20
-16 -6 6 -20 -19 -8 -6 36 -27 -19 -24 -11 -32 9 9 -2 -14 7 -13 -28 1 -31 -27 -26 7 -4 9 6 29 10 -11 9 -11 -10 -27 -14 24 -11 6 14 9 44 43 26 41 42 -14 -34 -5 1 -32 15 -40 5 -16 23 -33 18 -23 23 13 13 -17 9 -5 5 -36 -16 -12 -17 -36 22 11 -15 0 7 66 53 14 5 -12 17 13 -4 11 -28 -30 -11 -2 -19 -27 -16 36 -26 -7 10
-16 -17 13 -14 -26 -12 8 37 4 -16 -16 -13 -13 12 8 3 -2 18 -20 -22 17 -3 -29 -31 12 9 9 -7 51 4 -12 6 12 11 -14 -25 31 -2 17 15 -3 38 37 22 29 30 0 -31 9 -14 -25 14 -52 5 -21 13 -53 10 -39 10 22 8 -17 9 -17 -6 -41 6 -8 -25 -34 27 5 -1 4 6 75 34 1 17 -14 17 -8 -13 8 -32 -29 -30 0 -17 -19 -17 31 -13 -24 -13
-5 -23 3 -13 -31 -19 18 29 18 3 -13 -18 6 16 12 2 -1 30 -23 -12 29 4 -26 -44 13 34 -2 -12 37 -4 -12 3 26 19 -15 -48 15 3 16 21 -11 30 30 34 19 35 -5 -10 21 -29 -22 21 -42 4 -15 4 -45 16 -34 1 29 9 -23 16 -23 -11 -40 16 -5 -27 -32 13 8 3 8 7 76 20 -12 5 -23 0 -22 -10 -1 -39 -33 -29 -4 -9 -19 -8 40 -22 -12 -17
-15 -30 -11 -16 -39 -23 27 24 33 29 -19 -21 23 19 18 0 1 25 -17 -8 17 10 -21 -42 16 16 -9 3 16 -7 -4 2 33 36 -18 -31 15 10 28 20 -12 17 11 31 2 25 -8 0 21 -23 -20 20 -35 5 -10 -7 -39 11 -26 -4 41 16 -16 9 -33 -21 -47 21 5 -14 -29 0 5 -1 10 5 38 0 -9 -7 -33 -7 -13 -16 15 -53 -41 -16 -19 2 -17 -1 30 -12 -9 -14
-14 -39 -3 -15 -37 -26 23 17 41 26 -7 -4 37 24 22 13 -3 19 -3 -3 7 9 -17 -38 17 7 -16 13 5 -13 -15 3 22 37 -21 -11 12 2 10 24 -20 10 6 17 -13 8 -20 -9 23 -31 -24 12 -38 13 -18 -17 -37 4 -30 -11 28 30 9 2 -37 -34 -48 23 7 -11 -24 -14 -3 -3 14 2 18 1 -3 -3 -41 -12 -5 -16 10 -55 -36 -20 -34 5 -14 1 32 14 -14 -12
-15 -32 0 -28 -16 -29 13 11 23 24 -4 3 49 30 27 17 7 14 -19 1 0 -17 -1 -27 17 8 -11 39 -19 4 -22 -2 12 21 -21 10 1 9 -21 16 -23 0 18 15 -24 6 -19 -17 7 -18 -28 17 -43 27 -32 -15 -28 5 -32 -3 7 38 12 5 -34 -32 -41 8 15 -18 -26 -34 -5 -19 17 9 6 1 -11 -22 -45 -19 -31 -19 -15 -62 -44 -29 -27 4 -19 6 14 11 -15 -1
-23 -30 17 -39 -6 -30 5 6 19 24 9 6 35 30 43 29 7 3 -15 6 -17 -24 14 -7 29 2 -7 49 -12 11 -20 -9 7 7 -3 30 9 7 -33 11 -30 6 18 6 -21 -5 -11 -10 4 -17 -29 19 -50 15 -45 -1 -31 8 -42 10 -17 44 28 6 -36 -38 -36 -1 26 -18 -27 -28 -4 -12 19 15 3 0 -15 -16 -44 -19 -29 -31 -32 -53 -47 -37 -11 8 -19 -2 -3 25 -7 10
-21 -27 24 -41 8 -34 -3 18 5 15 32 16 17 39 46 37 -7 -5 -18 -11 -10 -27 8 -1 43 8 -11 53 -5 13 -12 -11 3 -8 -6 22 11 -4 -40 7 -34 21 33 -8 -11 -11 2 -13 21 -24 -29 11 -39 7 -42 9 -31 8 -45 15 -45 38 39 10 -35 -42 -20 -6 30 -23 -30 -12 5 -8 21 32 7 -3 -23 -24 -40 -25 -21 -33 -45 -45 -46 -41 6 -8 -9 -21 3 28 -9 5
-24 -22 9 -41 28 -32 -12 25 -1 9 30 12 17 41 40 36 6 -12 -26 8 8 -17 0 6 41 22 4 36 16 32 -7 -12 0 -11 -1 9 -2 -7 -37 9 -13 26 32 -14 -14 -2 26 7 0 -15 -20 12 -29 -2 -25 25 -39 17 -43 24 -55 21 34 27 -30 -41 -22 -8 41 -6 -32 1 8 -4 22 38 7 -14 -28 -39 -35 -38 -23 -33 -44 -42 -45 -30 8 -21 -10 -11 -14 13 -4 9
-16 -26 18 -31 19 -25 -15 32 -3 10 33 19 18 36 40 33 8 -20 -11 11 8 18 3 6 50 16 14 7 24 31 -20 -15 -8 -24 -11 0 7 -21 -23 11 -2 27 25 -3 -10 0 21 18 3 -4 -17 9 -9 -11 -13 30 -33 23 -42 24 -52 18 14 24 -32 -40 -25 -21 41 -2 -34 14 11 -4 18 32 10 -19 -14 -41 -27 -43 -6 -18 -31 -22 -27 -8 8 -34 -16 1 -4 13 -15 17
1 -22 25 -21 4 -13 8 43 17 3 45 35 23 35 24 33 8 -17 -12 14 12 33 -11 18 43 12 24 -9 19 25 -17 -11 4 -7 -19 -10 11 -33 -12 10 4 21 -5 0 -18 3 22 4 5 6 -20 4 -2 -6 -9 28 -41 20 -40 24 -56 13 -1 17 -28 -28 -6 -4 35 -10 -34 28 10 -12 10 26 15 -27 -12 -53 -23 -45 2 -25 -18 -20 -24 7 -4 -44 -10 1 13 9 -33 21
16 -11 27 -16 6 2 22 41 33 -4 36 35 20 21 24 28 27 -10 -11 27 26 30 -3 20 28 25 40 -14 23 36 -29 -8 17 6 -10 -8 19 -27 -12 21 20 8 -20 11 -12 15 26 14 -4 11 -22 5 -8 6 -12 39 -41 41 -39 34 -56 15 -3 36 -18 -17 -2 6 32 -13 -29 21 -3 -8 -1 1 11 -32 1 -50 -28 -46 -10 -30 -21 -13 -19 5 -5 -35 -17 3 27 2 -31 32
21 -6 24 -19 5 4 42 37 34 -17 28 23 34 14 16 19 18 3 -2 32 15 45 20 22 19 27 43 -18 6 20 -18 -7 27 8 -4 -11 31 -22 -5 23 13 16 -11 23 -2 38 26 16 18 10 -20 26 -13 14 -26 26 -35 31 -33 19 -64 33 12 13 -15 -11 19 16 23 -11 -27 20 -13 -2 -14 -18 14 -28 1 -37 -35 -47 -23 -28 -16 -6 -7 19 12 -21 -19 -12 40 -5 -30 29
24 -3 5 -22 5 0 50 29 25 -33 13 6 24 0 8 9 11 10 -1 27 20 34 24 41 23 16 36 -17 9 10 -7 4 31 17 -7 -24 33 -2 -9 22 10 21 -3 11 15 43 17 -4 14 -6 -25 23 -18 3 -20 28 -40 28 -25 21 -64 32 22 11 -13 -3 34 32 15 1 -21 35 -18 2 -20 -34 8 -22 -12 -31 -43 -42 -31 -36 -15 -15 -11 9 21 2 -6 -22 35 -13 -22 36
4 -9 -6 -20 20 -5 40 14 1 -35 -21 -19 17 -10 13 -4 5 17 -3 21 22 22 20 30 26 14 26 -14 10 1 -9 8 22 7 -15 -34 17 21 -12 18 15 17 22 -2 26 36 32 -12 -2 -19 -28 21 -13 4 -11 21 -37 18 -25 16 -54 31 21 4 -14 -12 22 21 10 6 -23 18 -30 -3 -26 -51 -12 -19 -9 -15 -43 -38 -29 -8 -13 -28 -19 -5 19 16 -13 -31 18 -32 -18 34
-7 -18 -21 -22 19 -13 32 3 -10 -34 -33 -20 26 -16 18 -3 -7 24 -6 24 10 24 28 31 20 10 23 0 2 -16 -17 8 8 -3 -16 -36 -14 41 -14 11 6 26 21 -17 10 30 31 -23 -20 -28 -18 13 -15 -7 -11 -7 -45 -10 -31 -11 -53 15 15 -28 -15 -13 16 12 3 -7 -25 8 -39 -20 -34 -56 -17 -20 -15 -2 -40 -39 -18 3 -10 -24 -11 0 12 24 0 -27 -15 -30 -3 21
-4 -22 -23 -16 9 -6 33 3 13 -14 -37 -22 6 -17 17 -6 -16 20 7 5 19 4 15 10 19 -8 18 11 13 -28 -30 27 21 10 -25 -50 -38 52 -16 3 -2 10 1 -19 5 0 25 -41 -32 -40 -22 -18 -5 -19 2 -21 -38 -20 -20 -27 -28 3 8 -34 -13 -12 7 21 -7 -12 -33 -12 -41 -25 -36 -55 -27 -25 -23 7 -43 -36 -2 -6 -13 -20 -3 -11 8 20 7 -20 -28 -21 12 12
-27 -22 -36 -7 -2 -2 8 -3 14 2 -43 -32 9 -15 13 -4 -24 28 9 0 10 -7 3 -2 21 -9 15 17 6 -40 -21 14 16 2 -25 -34 -59 49 -5 6 10 -2 -22 -15 -8 -19 33 -20 -23 -36 -22 -31 8 -12 -5 -39 -24 -36 -11 -50 -36 1 15 -47 -13 -21 -6 11 -16 -17 -52 -22 -45 -18 -42 -60 -31 -28 -23 6 -42 -32 1 -11 -14 -13 -2 -4 -10 11 9 -29 -26 -6 20 -5
-26 -18 -53 -18 -18 -11 -16 -13 5 -2 -36 -37 22 -27 19 -9 -10 29 9 -7 0 4 2 -10 15 -21 2 12 3 -30 -12 19 -6 -12 -21 -16 -59 36 -17 11 -1 -2 -35 -7 -12 -15 12 -11 -9 -39 -21 -29 2 -13 -24 -34 -19 -27 -7 -54 -23 8 15 -39 -1 -18 -6 6 -21 -12 -65 -4 -44 2 -41 -53 -21 -25 -34 4 -47 -27 6 -30 2 6 7 10 -6 5 0 -26 -21 3 28 -4
-32 -15 -58 -14 -42 -10 -22 -25 2 -14 -44 -58 26 -36 -4 -23 -7 19 22 -24 -26 12 0 -12 12 -34 -25 -18 -2 -28 -4 25 0 -8 -20 -18 -48 8 -21 11 -1 -5 -38 9 -1 -7 4 -9 -3 -43 -23 -14 0 -8 -20 -25 -7 -22 5 -47 0 13 9 -35 6 -18 -10 11 -25 -7 -75 10 -42 25 -38 -41 -25 -25 -35 8 -42 -19 4 -37 0 14 12 -5 -2 5 -37 -30 -7 -21 4 5
-44 -4 -62 -27 -40 -21 -20 -39 -16 -30 -45 -55 12 -35 -19 -29 -4 18 -4 -29 -56 7 3 -1 -7 -31 -43 -27 -9 -22 -11 8 -6 -18 -21 -11 -31 -13 -5 6 1 -8 -42 -4 9 0 -10 4 0 -43 -20 -7 -9 -17 -35 -26 -8 -20 -4 -42 -5 8 -12 -37 18 -6 -13 7 -23 -11 -79 17 -46 33 -35 -43 -33 -19 -37 -2 -31 -12 -4 -43 0 14 9 -2 -7 3 -55 -39 -3 -34 -22 19
-26 21 -64 -42 -29 -37 -11 -49 -20 -39 -31 -34 3 -33 -32 -24 -2 6 -17 -14 -59 14 4 -1 -29 -13 -48 -28 6 -15 -28 14 -10 -5 -14 -22 -10 -7 -10 9 -8 8 -40 -12 3 13 -19 -24 -5 -47 -16 -5 -21 -24 -34 -26 -14 -17 -7 -37 2 3 -14 -30 40 18 -14 15 -23 -18 -75 10 -52 26 -33 -38 -43 -12 -29 -6 -28 -12 11 -38 -1 10 7 -5 -3 -7 -57 -33 3 -41 -17 40
-13 38 -51 -31 -19 -29 3 -54 -14 -34 -18 -23 -12 -15 -62 -18 1 4 -21 -7 -48 7 6 -4 -33 14 -36 -31 14 -24 -41 5 2 6 -11 -36 5 8 -1 0 17 17 -40 -8 19 27 -10 -24 -13 -37 -15 -2 -12 -10 -19 -39 -14 -30 -8 -45 4 11 -2 -40 52 34 -26 19 -27 -22 -74 4 -48 6 -31 -40 -41 -7 -10 -5 -19 -14 -7 -44 -13 12 9 -8 -5 -14 -35 -27 -6 -23 -25 48
2 50 -28 -33 2 -34 4 -54 -14 -12 -7 -2 -25 0 -55 -14 8 18 -22 5 -20 9 16 -1 -32 6 -16 -20 24 -22 -46 3 -8 1 -8 -30 6 20 7 -19 23 11 -34 -26 17 18 -10 -40 -17 -27 -14 -25 4 -14 -16 -46 -16 -41 -2 -52 2 16 0 -47 57 45 -29 20 -33 -18 -77 5 -46 -9 -26 -46 -14 4 0 -15 -20 -15 -8 -33 0 2 -4 9 0 -17 2 -5 -8 7 -6 54
14 59 -19 -32 0 -40 -11 -49 -17 -8 -3 6 -15 -4 -38 -5 6 12 -25 3 -7 21 -4 4 -17 -8 2 -11 27 -26 -34 5 -25 -8 3 -18 -1 31 2 -27 35 10 -6 -8 21 35 13 -50 -6 -3 -9 -14 38 -7 18 -44 9 -46 26 -48 5 29 4 -48 71 47 -29 0 -36 -6 -71 3 -46 -18 -28 -36 16 11 12 -9 -20 -18 -13 -15 17 2 -1 21 -1 -18 22 14 -1 19 9 77
20 50 1 -27 -2 -28 -10 -30 -16 -9 -1 4 -18 -3 -18 -9 13 10 -24 -17 -1 20 16 2 -28 -18 8 -15 12 -24 -16 -6 -28 -12 14 6 -22 25 3 -45 20 -13 -4 -8 32 37 13 -33 2 19 -4 -2 45 1 32 -37 14 -44 38 -37 12 40 12 -50 72 43 -28 -18 -34 -3 -70 0 -41 -8 -29 -24 39 23 13 12 -12 -14 -21 -20 31 2 4 18 -7 -19 27 25 -16 25 -5 87
17 45 16 -29 8 -27 -13 -14 -14 -2 -7 0 -1 -6 20 -12 6 3 -15 -16 -6 34 39 3 -25 -27 22 -8 10 -12 13 -7 -31 -14 11 7 -40 9 -4 -55 -8 -28 -9 -23 11 25 18 -31 18 11 2 -1 44 -17 53 -31 34 -35 60 -28 -6 14 19 -45 71 42 -29 -19 -32 -10 -73 -11 -44 4 -30 -10 40 28 -5 27 -13 -11 -3 -13 37 5 12 16 2 -14 29 22 -18 21 1 113
18 45 15 -33 6 -29 -3 2 -3 -4 -1 -4 16 -17 41 -12 -9 -10 -25 -22 -11 24 24 -8 -26 -26 19 -6 11 -11 8 -2 -26 -5 28 1 -39 -17 0 -54 -26 -41 -8 -15 -11 28 26 -14 26 8 7 19 46 -18 65 -21 50 -29 58 -18 -18 11 41 -36 69 44 -28 -19 -27 5 -67 -16 -43 19 -24 -6 24 28 -2 37 -8 -8 -5 -11 25 14 23 3 -6 -8 30 8 -9 27 19 127
17 43 21 -20 8 -15 0 13 -1 -3 6 -10 20 -20 35 -17 -11 -10 -11 -16 9 28 38 4 -12 -6 5 -18 6 4 1 -2 -19 -4 13 1 -51 -37 -9 -58 -46 -43 -18 -24 -34 10 15 -5 21 -2 7 17 39 -21 49 -10 39 -19 41 -6 -31 7 55 -20 62 47 -27 -11 -24 -8 -63 -10 -29 33 -9 -1 14 29 3 37 -8 -1 21 -14 15 8 8 -2 -18 12 35 -2 -9 42 35 106
13 30 7 -1 13 2 4 -2 6 -3 5 -13 33 -20 22 -20 -15 -10 -10 -12 15 12 21 5 2 -4 -9 -19 7 12 -5 -2 -5 -4 -6 -17 -51 -37 -11 -62 -47 -33 -7 -16 -36 24 15 -2 8 -19 -2 20 45 -27 49 -3 34 -23 29 -10 -34 3 32 -22 47 36 -35 -2 -24 -8 -59 -15 -17 39 1 -4 13 25 5 32 -3 4 18 -4 7 5 2 8 -21 22 22 -19 7 40 65 69
12 20 -12 1 4 -2 0 -8 1 -9 3 -11 27 -18 -6 -18 -28 -9 -16 -17 28 -18 -4 11 -7 -4 -25 -12 -1 2 -19 7 -1 -4 4 -26 -44 -37 -10 -56 -46 -35 -1 -5 -29 32 -1 6 -28 -19 -2 5 54 -10 38 -10 28 -30 19 -12 -22 16 17 -29 33 23 -24 -11 -20 5 -45 -16 -6 40 8 -6 4 25 15 22 5 3 12 -12 16 -3 -4 4 -32 25 18 -21 18 51 73 32
7 12 -22 8 6 -1 -3 -18 -12 -5 10 2 17 -1 -32 -15 -31 -8 -12 -4 38 -20 -4 39 3 16 -20 -14 4 -5 -21 -4 -5 -10 -9 -35 -40 -24 -18 -44 -30 -41 6 9 -17 37 -16 9 -32 -8 -10 10 56 -2 35 -19 25 -34 22 -22 -12 25 -5 -34 26 14 -24 -28 -19 -12 -41 -30 2 26 13 5 -4 34 11 20 17 8 11 -19 36 -14 -18 7 -42 13 18 -12 17 44 61 6
14 7 -16 5 9 -8 5 -18 -13 6 20 20 23 14 -10 -8 -20 -11 -23 3 38 -12 -9 49 -9 31 12 2 14 -9 -7 0 0 -9 -6 -45 -42 -18 -23 -19 -17 -33 8 16 -10 36 -30 9 -36 0 -6 14 50 4 34 -20 19 -35 20 -24 -4 27 -16 -42 15 10 -30 -25 -19 -4 -44 -44 8 8 15 14 -11 34 0 14 14 12 -13 -25 29 -9 -16 -3 -35 -3 1 -5 13 24 53 0
10 13 -7 -8 4 -30 12 1 -6 8 23 22 21 15 6 -8 -20 -17 -19 10 35 0 -4 75 -3 43 29 8 17 -15 -1 2 3 -9 1 -43 -32 -26 -34 -7 1 -49 15 31 -15 28 -36 17 -44 16 -2 11 38 -3 21 -22 20 -31 21 -25 10 22 -15 -43 13 12 -27 -16 -17 12 -40 -33 17 -3 17 22 -5 42 10 14 1 8 -17 -28 22 -14 -24 -16 -31 -5 -7 1 0 8 40 -2
-6 18 -16 -5 3 -27 23 2 -1 20 45 39 6 11 18 9 -13 -23 -18 10 4 13 0 75 -1 37 21 6 24 -15 -5 -7 12 -2 -6 -35 -23 -23 -25 -9 14 -50 23 43 -18 23 -28 24 -20 24 -12 31 31 -15 18 -10 20 -32 29 -31 24 38 -23 -36 15 12 -25 1 -19 14 -39 -25 18 5 24 27 17 45 23 3 -14 -2 -32 -17 17 -26 -32 -17 -35 -16 -3 8 -14 -11 38 -6
-19 13 -1 -5 10 -23 14 2 -6 15 32 30 -8 4 36 7 -12 -30 -19 2 -5 16 0 57 -17 26 17 8 8 -17 11 -5 7 -13 -16 -38 -13 -12 -19 -18 21 -46 25 19 -13 17 -24 28 -5 21 -7 25 17 -24 3 -5 14 -19 16 -13 32 27 -21 -29 13 5 -26 15 -23 13 -37 -18 19 18 27 33 26 28 23 -2 -36 -16 -36 -26 6 -23 -22 -29 -37 -20 -11 -12 -19 -19 18 -12
-30 -8 0 -25 5 -36 -5 -3 -7 24 21 14 -40 7 16 -3 -27 -26 -11 -8 -29 -8 -13 28 -36 2 -7 -2 -17 -28 13 -11 -6 -24 -9 -37 6 -9 -25 -38 14 -57 23 18 -8 8 -18 20 5 8 -15 11 12 -39 2 -1 13 -9 8 -6 42 20 -11 -21 -2 -20 -12 16 -25 11 -38 -8 14 35 24 29 30 18 25 -14 -37 -21 -20 -16 16 -27 -22 -37 -43 -18 9 -16 -15 -4 26 -19
-41 -17 -6 -31 -2 -40 -30 -9 -18 30 21 13 -49 5 3 -3 -33 -15 -4 -8 -46 -12 -21 -12 -44 -13 -11 3 -24 -31 -6 -2 -21 -32 2 -44 -3 -4 -35 -42 5 -40 4 5 -7 -10 -1 10 4 -12 -18 13 16 -44 6 -1 21 -5 5 -5 27 14 5 -15 -12 -31 -1 1 -21 3 -33 -5 4 45 26 27 22 4 1 -28 -40 -23 -15 -11 2 -21 -9 -28 -33 -22 17 -26 -5 10 17 -10
-44 -22 -6 -33 -8 -35 -27 -3 -11 13 -4 -10 -53 3 0 -23 -35 -7 -11 -14 -45 -34 -35 -26 -50 -26 -8 15 -43 -24 -28 -7 -18 -32 0 -35 -19 1 -55 -35 -5 -35 -5 -14 -8 -19 -13 -6 -1 -32 -13 -3 23 -50 12 7 30 7 9 9 28 -14 26 -7 -18 -37 4 3 -15 -1 -29 2 7 42 32 23 6 -2 -26 -36 -38 -11 -19 -12 -9 -16 -4 -13 -26 -12 10 -46 3 16 -2 -13
-43 -18 -21 -49 -27 -48 -25 8 5 2 -8 -17 -51 -5 -10 -28 -38 -4 -18 -23 -52 -46 -47 -32 -47 -28 -24 18 -45 -1 -46 -13 -8 -14 2 -16 -31 -11 -59 -29 -17 -24 -6 -1 -2 -22 -9 -13 -21 -33 -16 1 25 -47 25 24 24 7 17 12 23 -15 26 3 -15 -30 10 9 -10 3 -32 11 10 25 34 9 15 5 -30 -38 -39 -8 -24 -2 -7 -11 0 -2 -5 -13 2 -41 7 18 18 -12
-50 -15 -36 -41 -41 -37 -21 -1 3 -26 -17 -25 -43 -29 4 -28 -37 -11 -28 -16 -47 -34 -32 -13 -25 -23 -32 23 -32 5 -54 -20 -8 -1 -14 -19 -32 -15 -47 -17 -15 -18 -5 -2 -4 -9 7 1 -40 -26 -10 22 16 -35 14 12 17 -2 14 -4 21 -11 13 -6 -14 -17 7 6 -8 2 -25 17 15 19 39 5 9 12 -29 -27 -40 -23 -24 -16 -29 -1 9 3 9 -26 -12 -46 -2 6 11 -9
-38 -9 -24 -34 -40 -28 -2 -6 16 -23 -33 -33 -43 -35 21 -36 -29 -13 -35 -13 -38 -35 -12 -7 -20 -24 -28 4 -29 -1 -37 -17 10 17 -23 -17 -30 -36 -32 -13 -17 -27 -10 -24 -6 -14 -4 7 -31 -24 -10 14 14 -22 16 0 14 -10 7 -11 18 -6 -6 -9 -1 -2 7 23 -7 -5 -22 2 16 27 43 5 -1 17 -26 -20 -36 -23 -29 -24 -18 9 3 2 4 -32 -12 -49 -13 2 22 -11
-16 -7 -4 -31 -43 -28 9 -8 34 -11 -37 -32 -31 -48 27 -37 -37 -12 -22 -5 -35 -23 11 -9 -15 -32 -14 -16 -16 -11 -5 -19 16 32 -22 -29 -33 -48 -25 -12 -22 -29 -14 -23 -18 -19 3 14 -32 -12 -8 16 10 -10 12 -20 11 -24 -7 -30 4 -10 -21 -23 2 5 16 32 -9 -10 -26 -2 15 15 35 -3 -4 11 -24 -23 -37 -29 -16 -24 -8 10 7 -10 18 -38 -22 -20 -5 -3 37 -16
11 -7 25 -16 -37 -12 22 -22 45 -10 -48 -40 -14 -48 28 -42 -31 -10 -27 11 -46 -17 26 -13 -21 -35 -19 -25 -10 -38 5 -25 28 47 -16 -42 -34 -45 -26 -14 -23 -36 -31 -34 -25 -24 0 20 -31 -20 20 4 9 -3 -1 -39 16 -35 -21 -50 -16 -16 -23 -33 1 6 28 43 -4 1 -25 -4 13 29 37 -3 -11 9 -28 -18 -31 -30 -17 -26 -8 8 8 -10 35 -4 -14 -5 1 0 18 -21
26 5 53 -4 -37 0 38 -24 53 -4 -52 -45 -4 -36 19 -46 -20 -11 -19 6 -68 -22 20 -32 -29 -32 -21 -9 -15 -33 14 -19 40 49 -8 -38 -30 -40 -27 -24 -20 -38 -42 -38 -36 -35 -10 20 -24 -32 20 -32 -3 -6 -5 -23 5 -34 -27 -38 -23 -16 -29 -26 15 9 39 54 2 6 -26 -14 8 16 40 -5 -5 7 -29 -16 -23 -25 -34 -18 9 9 10 -15 31 41 -13 0 -1 -2 6 -21
33 12 62 -1 -19 9 47 -25 52 -2 -45 -37 6 -33 10 -32 -22 -10 -23 -2 -62 -10 16 -24 -12 -31 -32 4 -1 -14 22 -36 40 42 1 -36 -22 -18 -23 -27 -25 -31 -34 -36 -43 -39 -19 21 -10 -39 33 -44 -17 -11 -10 -6 -9 -21 -19 -26 -26 -30 -23 -22 19 6 41 49 1 11 -30 -19 0 -7 44 -8 2 2 -13 -16 -22 -32 -30 -2 22 3 14 -19 28 60 -11 22 10 -7 -12 -18
39 18 70 -1 -19 12 44 -29 40 -10 -42 -30 8 -27 2 -23 2 -11 -14 -26 -33 -2 2 -8 -2 -8 -39 24 9 -15 25 -35 39 33 18 -36 -14 -8 -21 -23 -9 -13 -23 -29 -36 -31 -19 29 2 -39 66 -45 -21 -24 -4 -4 -14 -18 -3 -20 -43 -28 -26 -14 25 12 21 40 0 20 -32 -8 -10 20 53 -3 19 3 17 2 -13 -32 -17 23 28 10 19 -15 27 73 -8 18 9 -7 -9 -10
35 28 66 1 -34 15 44 -27 31 -8 -28 -22 -8 -21 3 -14 6 -10 -5 -36 -21 -10 -23 -5 11 -12 -23 29 -1 -19 39 -16 31 32 20 -37 -11 -6 -34 -25 -1 -9 -14 -21 -41 -23 -26 37 4 -46 44 -40 -19 -31 6 -10 -12 -26 7 -20 -39 -29 -22 -19 29 13 3 33 -3 13 -32 -11 -17 16 56 -2 21 8 42 19 -7 -19 1 48 37 3 11 -8 13 49 -12 21 12 -16 -1 -5
40 27 63 2 -13 18 44 -16 33 -13 -20 -13 -5 -19 -1 -7 12 -7 0 -25 16 -18 -23 9 22 -11 -8 22 10 -21 31 -18 30 46 29 -26 -23 9 -31 -17 -3 -16 -8 -13 -38 -27 -20 34 2 -31 57 -32 -6 -30 23 -17 8 -28 23 -29 -38 -41 -27 -20 23 12 -7 28 -9 8 -35 -13 -22 10 54 -7 12 5 40 21 -2 -10 20 70 40 -5 6 22 9 14 -20 34 17 -12 -5 -16
46 19 60 -6 -19 12 39 -22 26 -16 -8 -10 -3 -16 11 -8 25 -12 9 -30 15 -34 -34 14 19 5 8 18 -4 -31 28 -11 22 46 38 -18 -12 14 -28 -13 12 -5 -12 -5 -38 -12 -8 32 -9 -19 50 -35 4 -28 18 -30 15 -41 16 -40 -38 -36 -29 -30 21 4 -10 22 -12 6 -43 -4 -19 7 53 -9 9 17 36 43 12 -10 18 74 25 -14 -8 21 -1 9 -16 17 9 -3 10 -27
44 11 58 -14 -2 4 20 -29 18 -6 3 -2 10 -7 19 -11 21 -13 -9 -14 7 -44 -27 20 27 13 11 12 -5 -33 20 7 -2 29 21 3 1 21 -20 -12 29 -5 -19 5 -40 -4 1 40 -2 -8 34 -44 -4 -15 -4 -33 3 -45 -2 -36 -22 -26 -34 -38 18 -1 -1 9 -13 -15 -47 -29 -8 -30 51 -10 -7 14 11 56 16 -15 -7 68 16 -26 -23 9 -23 1 -25 12 -4 -10 -6 -27
34 0 44 -30 20 -10 14 -40 17 -10 1 1 16 -12 9 -12 6 -12 -4 -13 8 -49 -18 18 22 16 18 20 -4 -27 9 9 -7 18 28 11 2 22 3 -14 27 -1 -10 18 -35 -3 19 41 5 7 33 -42 -1 -14 0 -23 11 -33 -3 -28 -12 -17 -50 -34 12 2 12 1 -14 -14 -47 -34 -4 -54 48 -15 -9 3 -12 34 28 -33 -15 52 21 -25 -29 5 -42 2 -18 -2 -16 2 -21 -26
34 -16 37 -39 10 -27 1 -58 16 -1 13 18 19 -12 14 -4 -11 -5 -15 -18 -14 -42 -27 13 12 14 31 23 -30 -20 5 25 -10 0 23 1 16 19 -3 -19 22 -2 -7 27 -38 11 18 42 -9 -10 18 -33 13 -25 7 -19 12 -19 2 -10 3 -14 -27 -30 3 -2 10 -3 -8 -7 -49 -18 -4 -37 48 -14 -7 3 -5 31 39 -39 -17 33 11 -33 -36 -17 -44 2 2 -18 -9 14 -10 -23
41 -23 53 -29 9 -22 -6 -63 23 -3 31 42 -3 -5 13 15 -25 5 -14 -16 -11 -32 -31 -3 0 3 25 35 -32 -18 -1 33 -11 -2 -6 3 8 18 -14 -27 12 -19 11 39 -37 11 27 40 -15 -13 21 -17 28 -31 19 -8 15 -12 13 -1 21 2 -15 -21 -6 -2 12 7 -9 -5 -45 -10 -7 -36 40 -16 -2 -5 1 9 56 -39 -10 16 21 -26 -23 -10 -39 -3 -13 -11 -8 6 -20 -18
50 -29 65 -17 9 -18 -8 -59 17 -16 44 50 -24 0 10 31 -31 2 -16 -13 -24 -17 -38 -29 -8 -17 25 26 -46 -7 -6 21 -3 2 5 1 11 22 -21 -28 -3 -29 12 37 -22 7 20 28 -26 -23 20 -9 51 -40 40 0 30 -7 25 8 26 7 -6 -12 -14 -2 16 12 -8 17 -40 -4 -19 -31 29 -26 8 -18 18 -5 71 -29 2 5 30 -27 -18 -7 -40 -10 -8 -16 2 -3 -17 -27
51 -33 60 -12 4 -15 -11 -51 7 -14 55 70 -31 11 31 45 -13 5 -21 -13 -27 -5 -22 -27 0 -12 20 30 -38 4 -9 11 -8 -5 -10 13 14 25 -31 -27 -12 -33 -11 18 -14 -4 20 12 -32 -28 9 -18 56 -50 42 7 30 1 40 16 20 -5 5 -1 -15 -7 4 6 -12 17 -41 -13 -21 -10 16 -26 11 -25 35 -4 84 -19 2 8 18 -22 -12 -10 -48 -13 -13 -13 11 -19 -7 -13
34 -26 55 0 -1 -6 -16 -43 -5 -19 54 68 -38 19 41 45 -4 -2 -10 -37 -10 0 -17 -25 12 -7 6 35 -25 2 -3 5 -22 -15 -21 14 9 10 -29 -31 -11 -21 -23 -9 2 -9 2 -5 -12 -31 3 -28 48 -37 36 7 23 1 40 10 7 -6 2 4 -9 -9 -1 -4 -13 5 -48 -17 -18 -30 3 -31 10 -28 45 4 87 -17 7 17 10 -30 -20 -5 -53 -4 -34 -18 6 -28 -25 -3
