1111111100000001
1111111000000100
1111110100001001
1111110000010000
1111101100011001
1111101000100011
1111100100110000
1111100000111111
1111011101001111
1111011001100001
1111010101110110
1111010010001100
1111001110100011
1111001010111101
1111000111011000
1111000011110110
1111000000010101
1110111100110101
1110111001011000
1110110101111100
1110110010100010
1110101111001001
1110101011110011
1110101000011110
1110100101001010
1110100001111000
1110011110101000
1110011011011010
1110011000001101
1110010101000010
1110010001111000
1110001110110000
1110001011101001
1110001000100100
1110000101100001
1110000010011111
1101111111011110
1101111100011111
1101111001100010
1101110110100110
1101110011101011
1101110000110010
1101101101111010
1101101011000100
1101101000001111
1101100101011100
1101100010101010
1101011111111001
1101011101001010
1101011010011100
1101010111101111
1101010101000100
1101010010011010
1101001111110010
1101001101001011
1101001010100101
1101001000000000
1101000101011101
1101000010111011
1101000000011010
1100111101111010
1100111011011100
1100111000111111
1100110110100011
1100110100001000
1100110001101111
1100101111010110
1100101100111111
1100101010101001
1100101000010101
1100100110000001
1100100011101111
1100100001011101
1100011111001101
1100011100111110
1100011010110000
1100011000100011
1100010110011000
1100010100001101
1100010010000011
1100001111111011
1100001101110100
1100001011101101
1100001001101000
1100000111100100
1100000101100000
1100000011011110
1100000001011101
1011111111011101
1011111101011101
1011111011011111
1011111001100010
1011110111100110
1011110101101010
1011110011110000
1011110001110111
1011101111111110
1011101110000111
1011101100010000
1011101010011010
1011101000100110
1011100110110010
1011100100111111
1011100011001101
1011100001011100
1011011111101011
1011011101111100
1011011100001101
1011011010100000
1011011000110011
1011010111000111
1011010101011100
1011010011110001
1011010010001000
1011010000011111
1011001110110111
1011001101010000
1011001011101010
1011001010000101
1011001000100000
1011000110111100
1011000101011001
1011000011110111
1011000010010101
1011000000110101
1010111111010101
1010111101110101
1010111100010111
1010111010111001
1010111001011100
1010110111111111
1010110110100100
1010110101001001
1010110011101111
1010110010010101
1010110000111100
1010101111100100
1010101110001101
1010101100110110
1010101011100000
1010101010001010
1010101000110110
1010100111100010
1010100110001110
1010100100111011
1010100011101001
1010100010011000
1010100001000111
1010011111110111
1010011110100111
1010011101011000
1010011100001010
1010011010111100
1010011001101111
1010011000100010
1010010111010110
1010010110001011
1010010101000000
1010010011110110
1010010010101100
1010010001100011
1010010000011011
1010001111010011
1010001110001011
1010001101000101
1010001011111110
1010001010111001
1010001001110011
1010001000101111
1010000111101011
1010000110100111
1010000101100100
1010000100100010
1010000011100000
1010000010011110
1010000001011101
1010000000011101
1001111111011101
1001111110011101
1001111101011110
1001111100100000
1001111011100010
1001111010100100
1001111001100111
1001111000101011
1001110111101110
1001110110110011
1001110101111000
1001110100111101
1001110100000011
1001110011001001
1001110010010000
1001110001010111
1001110000011110
1001101111100110
1001101110101111
1001101101110111
1001101101000001
1001101100001010
1001101011010101
1001101010011111
1001101001101010
1001101000110101
1001101000000001
1001100111001101
1001100110011010
1001100101100111
1001100100110100
1001100100000010
1001100011010000
1001100010011111
1001100001101110
1001100000111101
1001100000001101
1001011111011101
1001011110101101
1001011101111110
1001011101001111
1001011100100001
1001011011110011
1001011011000101
1001011010011000
1001011001101011
1001011000111110
1001011000010010
1001010111100110
1001010110111010
1001010110001111
1001010101100100
1001010100111001
1001010100001111
1001010011100101
1001010010111100
1001010010010010
1001010001101001
1001010001000001
1001010000011000
1001001111110000
1001001111001001
1001001110100001
1001001101111010
1001001101010011
1001001100101101
1001001100000111
1001001011100001
1001001010111011
1001001010010110
1001001001110001
1001001001001100
1001001000100111
1001001000000011
1001000111011111
1001000110111100
1001000110011001
1001000101110101
1001000101010011
1001000100110000
1001000100001110
1001000011101100
1001000011001010
1001000010101001
1001000010001000
1001000001100111
1001000001000110
1001000000100110
1001000000000101
1000111111100101
1000111111000110
1000111110100110
1000111110000111
1000111101101000
1000111101001010
1000111100101011
1000111100001101
1000111011101111
1000111011010001
1000111010110100
1000111010010110
1000111001111001
1000111001011100
1000111001000000
1000111000100011
1000111000000111
1000110111101011
1000110111010000
1000110110110100
1000110110011001
1000110101111110
1000110101100011
1000110101001000
1000110100101110
1000110100010011
1000110011111001
1000110011100000
1000110011000110
1000110010101100
1000110010010011
1000110001111010
1000110001100001
1000110001001001
1000110000110000
1000110000011000
1000110000000000
1000101111101000
1000101111010000
1000101110111001
1000101110100001
1000101110001010
1000101101110011
1000101101011100
1000101101000110
1000101100101111
1000101100011001
1000101100000011
1000101011101101
1000101011010111
1000101011000010
1000101010101100
1000101010010111
1000101010000010
1000101001101101
1000101001011000
1000101001000011
1000101000101111
1000101000011011
1000101000000111
1000100111110011
1000100111011111
1000100111001011
1000100110111000
1000100110100100
1000100110010001
1000100101111110
1000100101101011
1000100101011000
1000100101000110
1000100100110011
1000100100100001
1000100100001111
1000100011111101
1000100011101011
1000100011011001
1000100011000111
1000100010110110
1000100010100101
1000100010010011
1000100010000010
1000100001110001
1000100001100000
1000100001010000
1000100000111111
1000100000101111
1000100000011110
1000100000001110
1000011111111110
1000011111101110
1000011111011111
1000011111001111
1000011110111111
1000011110110000
1000011110100001
1000011110010001
1000011110000010
1000011101110011
1000011101100100
1000011101010110
1000011101000111
1000011100111001
1000011100101010
1000011100011100
1000011100001110
1000011100000000
1000011011110010
1000011011100100
1000011011010110
1000011011001001
1000011010111011
1000011010101110
1000011010100000
1000011010010011
1000011010000110
1000011001111001
1000011001101100
1000011001011111
1000011001010011
1000011001000110
1000011000111010
1000011000101101
1000011000100001
1000011000010101
1000011000001001
1000010111111101
1000010111110001
1000010111100101
1000010111011001
1000010111001101
1000010111000010
1000010110110110
1000010110101011
1000010110100000
1000010110010101
1000010110001001
1000010101111110
1000010101110011
1000010101101001
1000010101011110
1000010101010011
1000010101001000
1000010100111110
1000010100110100
1000010100101001
1000010100011111
1000010100010101
1000010100001011
1000010100000001
1000010011110111
1000010011101101
1000010011100011
1000010011011001
1000010011001111
1000010011000110
1000010010111100
1000010010110011
1000010010101010
1000010010100000
1000010010010111
1000010010001110
1000010010000101
1000010001111100
1000010001110011
1000010001101010
1000010001100001
1000010001011001
1000010001010000
1000010001000111
1000010000111111
1000010000110110
1000010000101110
1000010000100110
1000010000011101
1000010000010101
1000010000001101
1000010000000101
1000001111111101
1000001111110101
1000001111101101
1000001111100101
1000001111011110
1000001111010110
1000001111001110
1000001111000111
1000001110111111
1000001110111000
1000001110110000
1000001110101001
1000001110100010
1000001110011010
1000001110010011
1000001110001100
1000001110000101
1000001101111110
1000001101110111
1000001101110000
1000001101101001
1000001101100010
1000001101011100
1000001101010101
1000001101001110
1000001101001000
1000001101000001
1000001100111011
1000001100110100
1000001100101110
1000001100101000
1000001100100001
1000001100011011
1000001100010101
1000001100001111
1000001100001001
1000001100000011
1000001011111101
1000001011110111
1000001011110001
1000001011101011
1000001011100101
1000001011011111
1000001011011010
1000001011010100
1000001011001110
1000001011001001
1000001011000011
1000001010111110
1000001010111000
1000001010110011
1000001010101101
1000001010101000
1000001010100011
1000001010011110
1000001010011000
1000001010010011
1000001010001110
1000001010001001
1000001010000100
1000001001111111
1000001001111010
1000001001110101
1000001001110000
1000001001101011
1000001001100110
1000001001100010
1000001001011101
1000001001011000
1000001001010011
1000001001001111
1000001001001010
1000001001000110
1000001001000001
1000001000111101
1000001000111000
1000001000110100
1000001000101111
1000001000101011
1000001000100111
1000001000100010
1000001000011110
1000001000011010
1000001000010110
1000001000010010
1000001000001110
1000001000001001
1000001000000101
1000001000000001
1000000111111101
1000000111111001
1000000111110101
1000000111110010
1000000111101110
1000000111101010
1000000111100110
1000000111100010
1000000111011110
1000000111011011
1000000111010111
1000000111010011
1000000111010000
1000000111001100
1000000111001001
1000000111000101
1000000111000010
1000000110111110
1000000110111011
1000000110110111
1000000110110100
1000000110110000
1000000110101101
1000000110101010
1000000110100110
1000000110100011
1000000110100000
1000000110011100
1000000110011001
1000000110010110
1000000110010011
1000000110010000
1000000110001101
1000000110001010
1000000110000111
1000000110000011
1000000110000000
1000000101111101
1000000101111011
1000000101111000
1000000101110101
1000000101110010
1000000101101111
1000000101101100
1000000101101001
1000000101100110
1000000101100100
1000000101100001
1000000101011110
1000000101011011
1000000101011001
1000000101010110
1000000101010011
1000000101010001
1000000101001110
1000000101001011
1000000101001001
1000000101000110
1000000101000100
1000000101000001
1000000100111111
1000000100111100
1000000100111010
1000000100110111
1000000100110101
1000000100110011
1000000100110000
1000000100101110
1000000100101011
1000000100101001
1000000100100111
1000000100100100
1000000100100010
1000000100100000
1000000100011110
1000000100011011
1000000100011001
1000000100010111
1000000100010101
1000000100010011
1000000100010001
1000000100001111
1000000100001100
1000000100001010
1000000100001000
1000000100000110
1000000100000100
1000000100000010
1000000100000000
1000000011111110
1000000011111100
1000000011111010
1000000011111000
1000000011110110
1000000011110100
1000000011110010
1000000011110001
1000000011101111
1000000011101101
1000000011101011
1000000011101001
1000000011100111
1000000011100110
1000000011100100
1000000011100010
1000000011100000
1000000011011111
1000000011011101
1000000011011011
1000000011011001
1000000011011000
1000000011010110
1000000011010100
1000000011010011
1000000011010001
1000000011001111
1000000011001110
1000000011001100
1000000011001011
1000000011001001
1000000011000111
1000000011000110
1000000011000100
1000000011000011
1000000011000001
1000000011000000
1000000010111110
1000000010111101
1000000010111011
1000000010111010
1000000010111000
1000000010110111
1000000010110110
1000000010110100
1000000010110011
1000000010110001
1000000010110000
1000000010101111
1000000010101101
1000000010101100
1000000010101011
1000000010101001
1000000010101000
1000000010100111
1000000010100101
1000000010100100
1000000010100011
1000000010100010
1000000010100000
1000000010011111
1000000010011110
1000000010011101
1000000010011011
1000000010011010
1000000010011001
1000000010011000
1000000010010111
1000000010010101
1000000010010100
1000000010010011
1000000010010010
1000000010010001
1000000010010000
1000000010001111
1000000010001101
1000000010001100
1000000010001011
1000000010001010
1000000010001001
1000000010001000
1000000010000111
1000000010000110
1000000010000101
1000000010000100
1000000010000011
1000000010000010
1000000010000001
1000000010000000
1000000001111111
1000000001111110
1000000001111101
1000000001111100
1000000001111011
1000000001111010
1000000001111001
1000000001111000
1000000001110111
1000000001110110
1000000001110101
1000000001110100
1000000001110011
1000000001110011
1000000001110010
1000000001110001
1000000001110000
1000000001101111
1000000001101110
1000000001101101
1000000001101100
1000000001101100
1000000001101011
1000000001101010
1000000001101001
1000000001101000
1000000001100111
1000000001100111
1000000001100110
1000000001100101
1000000001100100
1000000001100100
1000000001100011
1000000001100010
1000000001100001
1000000001100000
1000000001100000
1000000001011111
1000000001011110
1000000001011101
1000000001011101
1000000001011100
1000000001011011
1000000001011011
1000000001011010
1000000001011001
1000000001011001
1000000001011000
1000000001010111
1000000001010110
1000000001010110
1000000001010101
1000000001010100
1000000001010100
1000000001010011
1000000001010011
1000000001010010
1000000001010001
1000000001010001
1000000001010000
1000000001001111
1000000001001111
1000000001001110
1000000001001110
1000000001001101
1000000001001100
1000000001001100
1000000001001011
1000000001001011
1000000001001010
1000000001001001
1000000001001001
1000000001001000
1000000001001000
1000000001000111
1000000001000111
1000000001000110
1000000001000101
1000000001000101
1000000001000100
1000000001000100
1000000001000011
1000000001000011
1000000001000010
1000000001000010
1000000001000001
1000000001000001
1000000001000000
1000000001000000
1000000000111111
1000000000111111
1000000000111110
1000000000111110
1000000000111101
1000000000111101
1000000000111100
1000000000111100
1000000000111011
1000000000111011
1000000000111011
1000000000111010
1000000000111010
1000000000111001
1000000000111001
1000000000111000
1000000000111000
1000000000110111
1000000000110111
1000000000110111
1000000000110110
1000000000110110
1000000000110101
1000000000110101
1000000000110100
1000000000110100
1000000000110100
1000000000110011
1000000000110011
1000000000110010
1000000000110010
1000000000110010
1000000000110001
1000000000110001
1000000000110001
1000000000110000
1000000000110000
1000000000101111
1000000000101111
1000000000101111
1000000000101110
1000000000101110
1000000000101110
1000000000101101
1000000000101101
1000000000101101
1000000000101100
1000000000101100
1000000000101011
1000000000101011
1000000000101011
1000000000101010
1000000000101010
1000000000101010
1000000000101001
1000000000101001
1000000000101001
1000000000101001
1000000000101000
1000000000101000
1000000000101000
1000000000100111
1000000000100111
1000000000100111
1000000000100110
1000000000100110
1000000000100110
1000000000100101
1000000000100101
1000000000100101
1000000000100101
1000000000100100
1000000000100100
1000000000100100
1000000000100011
1000000000100011
1000000000100011
1000000000100011
1000000000100010
1000000000100010
1000000000100010
1000000000100010
1000000000100001
1000000000100001
1000000000100001
1000000000100001
1000000000100000
1000000000100000
1000000000100000
1000000000100000
1000000000011111
1000000000011111
1000000000011111
1000000000011111
1000000000011110
1000000000011110
1000000000011110
1000000000011110
1000000000011101
1000000000011101
1000000000011101
1000000000011101
1000000000011101
1000000000011100
1000000000011100
1000000000011100
1000000000011100
1000000000011011
1000000000011011
1000000000011011
1000000000011011
1000000000011011
1000000000011010
1000000000011010
1000000000011010
1000000000011010
1000000000011010
1000000000011001
1000000000011001
1000000000011001
1000000000011001
1000000000011001
1000000000011000
1000000000011000
1000000000011000
1000000000011000
1000000000011000
1000000000010111
1000000000010111
1000000000010111
1000000000010111
1000000000010111
1000000000010111
1000000000010110
1000000000010110
1000000000010110
1000000000010110
1000000000010110
1000000000010110
1000000000010101
1000000000010101
1000000000010101
1000000000010101
1000000000010101
1000000000010101
1000000000010100
1000000000010100
1000000000010100
1000000000010100
1000000000010100
1000000000010100
1000000000010011
1000000000010011
1000000000010011
1000000000010011
1000000000010011
1000000000010011
1000000000010011
1000000000010010
1000000000010010
1000000000010010
1000000000010010
1000000000010010
1000000000010010
1000000000010010
1000000000010001
1000000000010001
1000000000010001
1000000000010001
1000000000010001
1000000000010001
1000000000010001
1000000000010001
1000000000010000
1000000000010000
1000000000010000
1000000000010000
1000000000010000
1000000000010000
1000000000010000
1000000000010000
1000000000001111
1000000000001111
1000000000001111
1000000000001111
1000000000001111
1000000000001111
1000000000001111
1000000000001111
1000000000001110
1000000000001110
1000000000001110
1000000000001110
1000000000001110
1000000000001110
1000000000001110
1000000000001110
1000000000001110
1000000000001101
1000000000001101
1000000000001101
1000000000001101
1000000000001101
1000000000001101
1000000000001101
1000000000001101
1000000000001101
1000000000001101
1000000000001100
1000000000001100
1000000000001100
1000000000001100
1000000000001100
1000000000001100
1000000000001100
1000000000001100
1000000000001100
1000000000001100
1000000000001100
1000000000001011
1000000000001011
1000000000001011
1000000000001011
1000000000001011
1000000000001011
